0 783.63427734375 677.439697265625 283.55853271484375 241.43536376953125
0 62.1981086730957 664.9884033203125 124.3962173461914 143.27325439453125
2 154.4722442626953 641.0110473632812 53.698486328125 129.5181884765625
1 153.26882934570312 684.689453125 73.9371109008789 107.48162841796875
4 333.70623779296875 633.5125732421875 13.289581298828125 29.11114501953125
0 259.67205810546875 632.623779296875 105.43154907226562 69.7340087890625
0 190.2867889404297 639.1348876953125 63.76220703125 88.5706787109375
0 447.30938720703125 622.6531982421875 66.66073608398438 74.62261962890625
0 555.9039916992188 620.8956298828125 37.345703125 59.09600830078125
0 282.2056579589844 628.4384765625 61.36045837402344 61.87579345703125
0 169.3748779296875 642.5454711914062 104.29448699951172 91.979736328125
0 393.8737487792969 611.3555297851562 36.681640625 34.7437744140625
