0 146.63485717773438 625.2230224609375 90.99711608886719 59.04058837890625
0 487.30615234375 647.2799072265625 101.6585693359375 134.4091796875
2 837.7590942382812 616.7861328125 35.066162109375 113.8277587890625
0 318.34759521484375 614.2491455078125 40.756500244140625 32.8267822265625
0 261.21075439453125 615.4312744140625 42.29090881347656 34.6529541015625
0 45.291446685791016 624.1419067382812 71.09479522705078 33.361083984375
3 499.9446716308594 487.0958557128906 10.10546875 26.81671142578125
0 361.484375 610.7095947265625 21.6259765625 17.5341796875
3 447.49932861328125 486.973876953125 10.35040283203125 27.04901123046875
3 316.507080078125 557.3741455078125 11.130401611328125 25.2760009765625
0 393.70733642578125 606.8104858398438 18.13909912109375 17.5009765625
0 6.482121467590332 622.8858642578125 12.964242935180664 32.3568115234375
