0 323.32073974609375 687.99169921875 188.08065795898438 227.115234375
1 205.34512329101562 615.4945068359375 51.69746398925781 34.2933349609375
0 701.9259033203125 609.5352783203125 193.14764404296875 108.32562255859375
2 118.95346069335938 616.9541015625 15.774848937988281 43.53045654296875
2 8.722942352294922 610.5218505859375 17.407211303710938 82.13043212890625
3 299.8072509765625 438.42364501953125 14.969818115234375 16.894622802734375
2 200.7908935546875 611.34423828125 15.587249755859375 41.23388671875
2 211.19053649902344 612.7800903320312 15.195068359375 38.3955078125
2 115.4772720336914 617.3939208984375 19.104827880859375 43.11212158203125
3 293.826416015625 446.0609436035156 27.38409423828125 12.36114501953125
1 189.40032958984375 617.2503051757812 20.911697387695312 30.352783203125
2 296.85443115234375 631.4356079101562 33.876678466796875 31.802978515625
