3 748.9683837890625 363.34661865234375 13.56988525390625 46.32293701171875
0 21.046730041503906 611.764892578125 41.95918273925781 51.26910400390625
0 194.90185546875 609.2525634765625 118.07919311523438 84.44061279296875
3 303.91033935546875 317.58209228515625 17.728607177734375 73.63632202148438
3 795.4482421875 331.5096435546875 16.4376220703125 52.998809814453125
3 88.92999267578125 465.2794494628906 17.550941467285156 60.5418701171875
0 405.2870788574219 575.8098754882812 56.89794921875 62.7991943359375
3 719.5318603515625 459.9974365234375 11.95635986328125 42.048919677734375
3 229.7409210205078 481.45184326171875 13.113037109375 44.168182373046875
0 478.38067626953125 578.7125244140625 98.6881103515625 77.60968017578125
0 4.216586589813232 618.1054077148438 8.4014253616333 49.45654296875
3 246.15536499023438 490.7598571777344 10.213973999023438 31.4853515625
3 244.55801391601562 490.69256591796875 9.467864990234375 29.468048095703125
