0 93.5152359008789 682.9585571289062 187.00758361816406 342.1946105957031
0 955.47900390625 594.37548828125 137.0419921875 99.89666748046875
3 452.1429443359375 435.08917236328125 8.571868896484375 31.25341796875
0 334.2698059082031 588.279052734375 61.49737548828125 57.55426025390625
0 842.7239379882812 586.570556640625 106.9107666015625 73.19317626953125
0 425.05841064453125 587.2803955078125 50.92498779296875 52.486328125
0 769.42041015625 580.9893798828125 81.6722412109375 64.65789794921875
0 704.466064453125 581.2303466796875 58.0902099609375 48.96563720703125
2 281.7298583984375 429.4292907714844 23.97113037109375 46.99755859375
2 242.7843780517578 576.4060668945312 19.63916015625 46.7799072265625
0 394.84765625 570.9200439453125 18.605224609375 16.79217529296875
0 623.2297973632812 580.1359252929688 34.169921875 34.86572265625
3 528.3798828125 527.24951171875 11.3001708984375 27.38458251953125
2 209.26193237304688 581.35107421875 16.769821166992188 49.88946533203125
2 223.99522399902344 584.2857055664062 14.84423828125 44.109619140625
0 260.3023376464844 572.0695190429688 27.808792114257812 21.28173828125
0 511.9468078613281 967.4052734375 1022.4475708007812 113.189453125
2 592.0364379882812 572.3736572265625 12.573486328125 44.2115478515625
