0 419.33917236328125 789.1610107421875 56.308563232421875 68.49371337890625
0 638.5667724609375 787.5438232421875 109.44775390625 97.46539306640625
0 564.96240234375 775.94921875 42.119140625 47.58087158203125
0 497.0096740722656 794.6840209960938 113.40411376953125 140.41064453125
0 747.220458984375 755.00927734375 36.45355224609375 30.01416015625
2 813.9141845703125 767.6013793945312 15.6416015625 41.1611328125
2 827.7322998046875 764.5681762695312 13.24432373046875 38.36328125
3 526.42578125 644.5227661132812 10.4617919921875 36.5341796875
3 160.0866241455078 72.92408752441406 320.1732482910156 145.82040405273438
3 691.5506591796875 693.8326416015625 14.6356201171875 28.31719970703125
0 195.91693115234375 650.9293823242188 391.797607421875 663.5224609375
2 703.3723754882812 756.9061279296875 10.7666015625 27.0950927734375
3 543.0435180664062 644.6859741210938 13.8597412109375 15.44384765625
