2 226.72662353515625 393.9637451171875 31.490524291992188 56.042327880859375
3 349.711669921875 348.84112548828125 11.76739501953125 41.81207275390625
3 561.2805786132812 275.1524963378906 14.1571044921875 48.99082946777344
3 631.8232421875 364.77618408203125 19.759765625 71.71337890625
3 133.46939086914062 154.39129638671875 28.426345825195312 95.90391540527344
3 45.41232681274414 446.953125 14.405387878417969 45.96405029296875
3 674.89208984375 416.5440673828125 11.41485595703125 37.268341064453125
3 654.055908203125 416.1783142089844 12.07696533203125 38.03564453125
3 456.1908264160156 357.61187744140625 10.8824462890625 41.884674072265625
3 540.4956665039062 431.75360107421875 10.403564453125 38.720611572265625
3 367.30731201171875 346.80511474609375 14.837554931640625 27.681427001953125
0 828.2099609375 504.55218505859375 111.1043701171875 77.49459838867188
