0 491.76641845703125 725.69921875 303.5361328125 509.9172058105469
0 883.11328125 671.4461059570312 281.7734375 546.4476318359375
4 9.261751174926758 833.0945434570312 18.493633270263672 71.053955078125
3 34.621028900146484 126.70156860351562 29.66572380065918 85.65186309814453
2 791.6619873046875 536.6612548828125 49.61688232421875 98.35946655273438
3 270.3641662597656 284.4852600097656 22.5709228515625 52.66796875
3 65.85948944091797 131.55398559570312 25.062129974365234 86.1158676147461
0 280.3428955078125 520.5362548828125 70.00820922851562 79.99490356445312
3 624.4212646484375 259.7660217285156 10.71246337890625 49.28868103027344
2 492.3993225097656 471.90948486328125 11.57830810546875 31.242767333984375
4 9.440503120422363 800.425537109375 18.881006240844727 137.16058349609375
0 662.6685180664062 531.7241821289062 61.796142578125 70.6446533203125
3 759.02490234375 437.4296875 24.8994140625 29.736328125
2 95.47958374023438 537.7923583984375 19.806739807128906 97.18826293945312
4 9.701708793640137 708.5098876953125 19.340368270874023 320.18084716796875
2 77.3740234375 538.2747802734375 20.829025268554688 91.15118408203125
0 321.9908447265625 511.395751953125 44.384002685546875 54.9241943359375
2 212.266845703125 520.3455810546875 24.47589111328125 85.05389404296875
2 12.757682800292969 542.8386840820312 25.17800521850586 106.35818481445312
2 221.0273895263672 515.51416015625 20.112548828125 79.50167846679688
3 165.22589111328125 443.2508850097656 10.611068725585938 25.3524169921875
2 37.65923309326172 547.6575927734375 26.004375457763672 97.60794067382812
3 170.98794555664062 443.00244140625 14.840286254882812 26.33428955078125
3 59.708805084228516 129.04580688476562 38.001121520996094 91.77838897705078
1 34.990867614746094 568.8982543945312 27.890968322753906 66.6341552734375
2 192.09323120117188 519.8796997070312 14.898666381835938 81.98965454101562
