0 58.823585510253906 655.0447998046875 117.64030456542969 129.4486083984375
0 571.6009521484375 736.734130859375 330.9648742675781 380.2254638671875
0 138.86598205566406 630.888671875 77.7316665649414 55.0955810546875
3 251.15228271484375 390.5567932128906 20.747695922851562 44.8697509765625
0 789.4730834960938 581.3021240234375 109.7919921875 77.90606689453125
3 578.95751953125 410.677734375 23.81207275390625 38.62286376953125
1 300.8793029785156 626.043212890625 19.97900390625 35.15802001953125
3 698.4468994140625 525.435302734375 9.72265625 20.50115966796875
3 264.92987060546875 393.04296875 15.697479248046875 41.305633544921875
0 580.010986328125 550.300537109375 84.69403076171875 34.46142578125
0 429.6012268066406 617.896240234375 28.5965576171875 34.04827880859375
3 571.7601318359375 411.1612548828125 13.62249755859375 36.507598876953125
0 285.14593505859375 978.43505859375 570.2230224609375 91.1298828125
0 852.0567626953125 580.844970703125 37.8583984375 102.94073486328125
0 396.5978088378906 618.9619140625 42.8001708984375 39.708984375
3 32.92887878417969 531.17626953125 11.653495788574219 34.82745361328125
3 575.0509643554688 411.07421875 19.8095703125 37.388458251953125
3 191.3155059814453 553.0206298828125 10.89117431640625 17.63153076171875
3 34.32516860961914 529.9276733398438 15.448890686035156 37.582061767578125
2 303.18206787109375 611.0399169921875 21.32318115234375 64.25238037109375
3 255.24737548828125 390.5856018066406 27.604782104492188 46.5125732421875
