0 510.1838073730469 433.04156494140625 156.36407470703125 241.24044799804688
2 139.64627075195312 399.88916015625 49.961769104003906 132.52255249023438
3 414.2210998535156 96.90870666503906 20.1051025390625 62.71636199951172
3 425.9737548828125 97.01144409179688 19.942169189453125 61.42267608642578
3 673.2615966796875 296.0646057128906 13.85894775390625 38.17694091796875
3 419.64666748046875 96.70816040039062 32.943756103515625 64.2422103881836
2 211.92105102539062 379.4165954589844 25.022216796875 77.873046875
0 599.4205322265625 390.54888916015625 31.54425048828125 39.43536376953125
3 413.7716064453125 101.51313781738281 15.738983154296875 52.26611328125
0 393.5328369140625 380.1097412109375 51.49615478515625 60.637298583984375
