0 868.43359375 546.334228515625 217.8035888671875 165.38067626953125
0 117.97705078125 550.606689453125 95.04962158203125 95.62982177734375
3 457.4031982421875 142.08648681640625 20.215911865234375 86.57710266113281
3 427.8092041015625 142.2715606689453 39.716583251953125 96.50658416748047
0 206.85598754882812 535.0718994140625 57.73481750488281 68.35525512695312
3 450.0467529296875 140.6099853515625 34.234588623046875 92.69905853271484
2 619.3563232421875 546.9691162109375 37.73870849609375 196.81112670898438
0 18.165821075439453 584.4063720703125 36.331642150878906 99.38958740234375
0 262.242431640625 531.3547973632812 63.65155029296875 78.61886596679688
3 417.47491455078125 127.79731750488281 18.671661376953125 54.564353942871094
3 422.5135803222656 137.8931427001953 27.9786376953125 86.24078369140625
0 424.01123046875 542.53466796875 70.7525634765625 102.81698608398438
3 326.2550354003906 446.0517578125 12.1402587890625 16.979095458984375
