2 49.031463623046875 555.3723754882812 34.52220153808594 137.03152465820312
0 963.9876708984375 666.2141723632812 120.02471923828125 379.6017761230469
3 359.8717041015625 327.01318359375 25.118255615234375 38.272979736328125
2 620.7908325195312 514.9885864257812 12.822021484375 44.3603515625
3 517.589599609375 303.33831787109375 11.913421630859375 43.147064208984375
3 173.58572387695312 424.81170654296875 24.204147338867188 32.741607666015625
0 555.807373046875 516.2372436523438 24.62005615234375 27.330291748046875
0 769.0810546875 540.5020751953125 220.0582275390625 220.39337158203125
0 512.2623291015625 916.0811157226562 1023.4752807617188 215.8377685546875
2 600.0660400390625 516.4030151367188 17.3634033203125 45.966033935546875
3 522.8701171875 303.25897216796875 22.374359130859375 46.755889892578125
3 528.72216796875 302.66058349609375 11.3912353515625 46.354217529296875
0 383.62677001953125 527.0795288085938 47.781341552734375 43.484405517578125
0 513.2619018554688 512.9873046875 27.515838623046875 39.2220458984375
0 99.26936340332031 534.068359375 118.54755401611328 87.14804077148438
0 79.22431945800781 557.0679931640625 100.60400390625 72.3316650390625
0 880.549072265625 510.3353576660156 32.30584716796875 53.58868408203125
