2 981.4051513671875 573.0691528320312 75.11346435546875 307.3607482910156
2 61.82428741455078 541.2425537109375 29.269775390625 124.06329345703125
2 26.36849594116211 537.8565063476562 30.118410110473633 139.31076049804688
3 548.1511840820312 121.05439758300781 23.738037109375 78.50409698486328
0 241.03353881835938 547.7740478515625 92.98658752441406 93.38006591796875
3 538.7730102539062 119.0447998046875 42.2965087890625 88.74077606201172
0 577.75048828125 561.24365234375 90.59765625 93.03399658203125
3 525.698974609375 119.36636352539062 18.32794189453125 91.4297103881836
0 338.12030029296875 552.40185546875 99.643310546875 90.50057983398438
1 739.4111328125 557.6005249023438 32.56329345703125 62.86328125
0 388.97760009765625 544.2551879882812 48.38446044921875 81.52566528320312
