3 651.4375 108.45883178710938 19.787109375 82.96595001220703
0 633.1926879882812 548.1574096679688 55.4439697265625 61.2841796875
0 225.40933227539062 558.3150634765625 116.195068359375 126.78164672851562
0 497.08013916015625 527.3492431640625 24.482513427734375 27.77716064453125
2 727.1231079101562 543.6600341796875 20.196044921875 68.01815795898438
2 853.056884765625 549.4234619140625 18.29644775390625 97.68728637695312
2 803.7472534179688 541.37646484375 21.794921875 82.91098022460938
0 353.0248107910156 537.8673095703125 35.77490234375 55.46697998046875
0 394.28399658203125 528.6603393554688 40.5341796875 43.987884521484375
2 787.91650390625 541.8546752929688 17.1683349609375 95.09078979492188
2 662.6421508789062 534.50390625 15.349853515625 61.761566162109375
