0 59.51188278198242 597.9712524414062 119.02376556396484 146.01123046875
2 173.73175048828125 539.3364868164062 20.1190185546875 74.083984375
0 877.2095947265625 596.7221069335938 293.58087158203125 814.93359375
2 756.1096801757812 536.73583984375 35.8131103515625 164.56063842773438
3 476.2972717285156 325.9072265625 23.1319580078125 44.63592529296875
3 263.671630859375 269.10455322265625 15.804489135742188 57.08595275878906
2 847.804443359375 442.4927978515625 25.92425537109375 69.90847778320312
2 83.43647766113281 524.674072265625 15.971534729003906 21.27288818359375
0 629.813232421875 563.1380615234375 164.64959716796875 220.4136962890625
2 98.30227661132812 534.04833984375 13.187026977539062 36.85223388671875
3 278.393798828125 270.17352294921875 17.669525146484375 51.57450866699219
2 793.4583129882812 483.8525390625 18.369873046875 49.910552978515625
3 270.0542907714844 269.2732849121094 29.192489624023438 57.24070739746094
2 6.109983444213867 526.1612548828125 12.175531387329102 27.8994140625
3 122.72128295898438 467.728759765625 13.152732849121094 23.83380126953125
0 525.4938354492188 531.3352661132812 44.426361083984375 61.7783203125
3 751.84326171875 396.6229248046875 22.17254638671875 36.697845458984375
0 362.52520751953125 557.33837890625 153.11563110351562 216.38046264648438
0 284.6273193359375 548.4139404296875 12.675567626953125 42.4923095703125
