0 887.9627075195312 568.1651611328125 272.0745849609375 363.9996337890625
0 724.8428955078125 482.4337463378906 173.06573486328125 184.93682861328125
0 514.031005859375 462.8902587890625 111.88128662109375 154.37118530273438
0 112.53546142578125 495.7513427734375 225.0697021484375 390.9576416015625
3 281.07257080078125 141.013671875 21.85302734375 55.883201599121094
3 558.1482543945312 207.4459228515625 20.884765625 45.72099304199219
3 301.958984375 141.7423553466797 23.36767578125 58.61400604248047
0 397.140869140625 440.99188232421875 83.13409423828125 93.99191284179688
3 543.6396484375 208.4522247314453 15.6513671875 39.922027587890625
3 552.198974609375 207.2238006591797 28.67486572265625 46.109130859375
0 511.593994140625 897.3084106445312 1022.875732421875 253.1357421875
