2 495.97015380859375 653.8994140625 37.974212646484375 218.82696533203125
0 789.265625 611.3529663085938 89.33673095703125 64.65869140625
2 432.7315979003906 627.386962890625 17.22039794921875 67.16717529296875
0 697.6630859375 611.7852783203125 112.04656982421875 79.30096435546875
3 290.16632080078125 320.0108642578125 27.52716064453125 75.73223876953125
3 617.3357543945312 476.1796875 25.0655517578125 39.599212646484375
0 86.74311828613281 639.6873779296875 84.86663818359375 104.34454345703125
0 614.9112548828125 623.4751586914062 61.5169677734375 67.7816162109375
3 266.28240966796875 315.9422607421875 20.130584716796875 65.18807983398438
2 1009.357177734375 621.7410278320312 29.28570556640625 593.78515625
0 308.4847106933594 638.602783203125 56.111328125 71.88031005859375
3 277.2519226074219 319.6495056152344 40.78076171875 73.826171875
3 642.7172241210938 471.13983154296875 27.5791015625 42.692962646484375
0 260.61346435546875 616.4334106445312 14.976760864257812 17.330078125
