2 71.67960357666016 563.8314208984375 122.71150207519531 432.89947509765625
0 926.3314208984375 478.29461669921875 195.33709716796875 137.30703735351562
0 212.76898193359375 528.0609130859375 266.95440673828125 266.6302795410156
2 113.96095275878906 399.3953857421875 18.621994018554688 71.70437622070312
0 488.1519775390625 503.0123291015625 255.064453125 396.7285461425781
2 89.99930572509766 403.20916748046875 20.160736083984375 67.72036743164062
3 514.8628540039062 94.15540313720703 19.3326416015625 64.31211853027344
0 599.07275390625 361.4716796875 22.96661376953125 38.93536376953125
3 18.46633529663086 35.25008010864258 36.910858154296875 70.50016021728516
3 530.0808715820312 97.67485809326172 14.847412109375 57.385009765625
0 195.7257537841797 390.4962158203125 56.26904296875 20.954498291015625
3 523.34716796875 94.46418762207031 29.2474365234375 63.671268463134766
