3 319.7464904785156 279.2906799316406 20.58380126953125 77.95252990722656
2 999.841552734375 612.244140625 48.31695556640625 221.9482421875
2 707.4892578125 596.5885009765625 29.55206298828125 109.81524658203125
2 742.889892578125 597.841796875 25.2122802734375 108.3333740234375
0 424.6319580078125 567.0530395507812 43.476470947265625 64.570068359375
2 577.7252197265625 593.8428955078125 20.58575439453125 45.4876708984375
2 965.8560791015625 595.0711669921875 24.17889404296875 93.46649169921875
2 275.23846435546875 552.2095947265625 20.045501708984375 74.99200439453125
2 775.3426513671875 600.8641967773438 34.05560302734375 112.1767578125
2 803.27001953125 601.8706665039062 19.28497314453125 107.025146484375
2 288.12506103515625 555.0432739257812 16.59783935546875 47.7747802734375
