0 496.8102111816406 574.5299682617188 280.17694091796875 351.90625
0 185.5084991455078 470.79180908203125 163.96041870117188 149.03878784179688
0 846.004150390625 476.40460205078125 98.05035400390625 62.15838623046875
3 846.0458984375 299.558837890625 26.08709716796875 68.22479248046875
0 727.021728515625 470.1533203125 41.68048095703125 49.432037353515625
3 371.79254150390625 253.8362274169922 14.044219970703125 51.041107177734375
3 504.3673095703125 221.39862060546875 13.737884521484375 53.03361511230469
3 672.2290649414062 367.9137878417969 18.4503173828125 29.45849609375
0 783.3421630859375 471.43377685546875 74.34930419921875 53.520111083984375
3 690.3069458007812 289.20269775390625 15.3876953125 39.748504638671875
3 518.8858642578125 220.9775390625 13.45855712890625 54.752838134765625
3 1018.656005859375 378.07159423828125 10.68804931640625 43.70068359375
4 22.55251693725586 472.9877624511719 16.662704467773438 33.73291015625
3 511.728515625 221.6844024658203 28.671112060546875 55.144378662109375
3 884.9683837890625 353.2408752441406 18.3353271484375 35.7698974609375
