0 757.0396728515625 569.3119506835938 171.49139404296875 169.87442016601562
2 142.84133911132812 535.0114135742188 23.866165161132812 90.29122924804688
2 905.4501953125 513.4923706054688 28.9365234375 137.48043823242188
0 942.27392578125 693.5447387695312 163.4521484375 469.6793212890625
3 102.53887939453125 334.9183349609375 21.867507934570312 76.28744506835938
0 528.048583984375 558.9622192382812 133.57260131835938 192.18136596679688
0 84.50069427490234 534.57861328125 169.0013885498047 95.25030517578125
3 982.9730834960938 227.27960205078125 17.05078125 69.64497375488281
2 848.443359375 504.02276611328125 21.52655029296875 88.767578125
2 123.57612609863281 539.94482421875 43.54448699951172 72.74240112304688
2 334.9716796875 519.7922973632812 11.77911376953125 54.292388916015625
