2 728.9138793945312 524.3019409179688 35.264404296875 121.36874389648438
3 769.70703125 397.55609130859375 24.53094482421875 36.688568115234375
3 687.9931640625 73.61932373046875 29.95587158203125 121.023193359375
0 358.6313171386719 502.57672119140625 69.481201171875 97.56387329101562
3 67.09488677978516 376.453125 11.705078125 32.75323486328125
3 657.4853515625 74.21632385253906 35.212890625 134.55252075195312
3 98.31553649902344 284.8932189941406 16.28777313232422 43.36083984375
3 810.3006591796875 290.8846740722656 17.75830078125 55.89727783203125
4 170.04122924804688 513.6769409179688 13.703659057617188 42.981170654296875
4 154.35183715820312 518.1111450195312 20.4873046875 43.2197265625
0 474.00286865234375 483.47491455078125 24.896209716796875 21.573822021484375
3 656.7745361328125 56.93751525878906 32.59063720703125 104.195068359375
4 416.1248779296875 517.7843017578125 16.588653564453125 34.19061279296875
3 671.1729736328125 73.1850357055664 63.25164794921875 140.1701202392578
3 72.72428894042969 377.249755859375 18.224109649658203 35.56524658203125
3 98.03067779541016 296.9705810546875 18.130645751953125 66.68966674804688
