2 903.889892578125 488.69573974609375 26.05548095703125 117.61080932617188
2 791.9934692382812 469.90692138671875 20.7891845703125 78.53884887695312
2 756.8200073242188 473.74749755859375 26.7900390625 97.17288208007812
2 850.1267700195312 466.63494873046875 29.000732421875 88.34005737304688
3 237.81918334960938 29.744991302490234 32.65693664550781 59.40845489501953
0 417.49444580078125 452.68798828125 76.66220092773438 98.56716918945312
0 334.6956481933594 442.74462890625 63.272216796875 77.35604858398438
2 271.8714599609375 435.04339599609375 18.571990966796875 75.46896362304688
2 1013.965576171875 501.82318115234375 20.06890869140625 183.06057739257812
2 1008.880615234375 500.7647399902344 30.23883056640625 183.24334716796875
2 83.16151428222656 441.7852783203125 44.26022720336914 142.47372436523438
2 156.23455810546875 442.21380615234375 23.195358276367188 111.12686157226562
2 258.4710388183594 433.5333251953125 18.008590698242188 69.6175537109375
2 1016.5930786132812 496.8145446777344 14.8138427734375 170.75408935546875
0 364.43218994140625 431.99798583984375 44.822906494140625 65.99636840820312
