2 812.7830200195312 587.0062255859375 40.1099853515625 94.5477294921875
3 236.22579956054688 253.68679809570312 15.832656860351562 62.44908142089844
2 111.55068969726562 590.1384887695312 25.16875457763672 81.088134765625
2 169.72711181640625 566.8655395507812 15.681106567382812 64.790283203125
0 279.09149169921875 588.5938110351562 111.54159545898438 106.043212890625
3 855.6365356445312 177.9188232421875 22.083251953125 80.978515625
3 877.4500732421875 172.36569213867188 20.47735595703125 81.91850280761719
1 107.76094055175781 616.437255859375 35.91112518310547 41.04339599609375
3 650.6654052734375 505.3883056640625 11.60748291015625 16.854888916015625
3 883.2470703125 171.70361328125 32.08477783203125 80.77268981933594
3 863.6326293945312 174.28826904296875 37.0445556640625 88.59416198730469
