0 958.706298828125 491.21142578125 130.58740234375 166.40878295898438
2 18.355907440185547 374.6700439453125 32.70386505126953 53.276092529296875
2 310.1701965332031 442.459228515625 31.9024658203125 130.02020263671875
3 775.705810546875 180.67047119140625 17.29022216796875 68.41511535644531
2 641.7131958007812 472.03961181640625 32.141845703125 123.45388793945312
0 511.8947448730469 852.0502319335938 1023.7338256835938 343.3779296875
2 278.588623046875 446.5863342285156 21.31719970703125 75.61767578125
0 484.9857177734375 460.2135009765625 79.49465942382812 119.89187622070312
2 747.4244384765625 472.46978759765625 35.3525390625 153.79708862304688
0 575.1046142578125 467.52667236328125 60.0943603515625 88.70858764648438
2 617.25830078125 459.10546875 25.25372314453125 87.765625
3 759.6275634765625 338.9598693847656 25.70428466796875 39.0106201171875
2 786.4119873046875 479.23834228515625 45.10693359375 151.32443237304688
3 760.336669921875 340.37078857421875 19.6932373046875 32.10906982421875
3 752.983154296875 340.4373779296875 11.72833251953125 29.427459716796875
3 756.8922119140625 341.91180419921875 20.90203857421875 35.941314697265625
0 556.63330078125 449.56982421875 46.16424560546875 71.61553955078125
3 763.9163818359375 339.67608642578125 33.87921142578125 43.960845947265625
0 136.98683166503906 418.0823974609375 273.9736633300781 257.4544982910156
