0 200.48526000976562 366.7785949707031 94.33309936523438 52.96087646484375
2 719.1912841796875 405.1387939453125 13.43829345703125 53.59283447265625
3 381.04669189453125 81.51325988769531 30.696929931640625 78.1990737915039
2 284.9324035644531 374.96038818359375 12.07037353515625 47.298248291015625
2 649.9808349609375 400.15838623046875 11.27166748046875 41.875213623046875
0 447.12164306640625 400.216064453125 47.014739990234375 63.68878173828125
2 314.43438720703125 369.524169921875 14.4111328125 33.873626708984375
3 887.011962890625 335.21295166015625 25.55621337890625 35.70025634765625
3 650.290283203125 138.92391967773438 12.29718017578125 51.94819641113281
2 352.15875244140625 377.0770568847656 11.54766845703125 31.7457275390625
2 372.9771728515625 381.2066650390625 11.176483154296875 29.714141845703125
0 477.87591552734375 383.3525695800781 19.385345458984375 26.29547119140625
