0 882.4896240234375 469.0148010253906 187.29962158203125 112.27508544921875
0 42.586692810058594 435.9797058105469 85.17338562011719 145.64306640625
3 375.6483459472656 135.4775390625 22.6484375 73.61196899414062
3 11.534391403198242 170.92098999023438 17.49923324584961 61.66499328613281
2 646.4386596679688 457.1075439453125 25.33984375 107.05426025390625
3 396.9012451171875 139.93853759765625 18.231536865234375 67.66612243652344
0 1004.512451171875 538.0697631835938 38.97509765625 190.87600708007812
3 840.1268310546875 147.03347778320312 74.44610595703125 52.21903991699219
0 565.3090209960938 437.36260986328125 56.259765625 45.353912353515625
4 548.6444091796875 482.833251953125 16.52520751953125 40.72723388671875
