0 486.2216796875 553.465087890625 138.17929077148438 193.6103515625
0 121.24066162109375 511.90667724609375 71.73056030273438 60.806671142578125
0 51.31988525390625 513.8027954101562 100.243896484375 84.56417846679688
2 589.438232421875 522.0712890625 33.7569580078125 132.4453125
2 611.9215087890625 521.398193359375 28.1353759765625 138.61663818359375
0 12.775199890136719 523.7661743164062 25.550399780273438 101.48193359375
0 177.479736328125 498.8046875 62.86836242675781 63.590423583984375
3 721.5382080078125 388.3988037109375 32.5584716796875 40.721435546875
2 35.14668655395508 467.7767333984375 13.03852653503418 19.506927490234375
3 726.980712890625 388.58251953125 20.65386962890625 33.16748046875
3 725.212890625 387.86444091796875 14.5390625 29.532806396484375
2 103.0617904663086 473.4273681640625 13.84765625 24.695404052734375
3 465.11151123046875 167.15191650390625 14.043853759765625 64.80368041992188
