0 784.1990966796875 569.2000732421875 118.49957275390625 60.85076904296875
3 413.8230285644531 361.0685119628906 12.7349853515625 47.54852294921875
3 485.1017150878906 358.333984375 12.98211669921875 47.848175048828125
0 25.04475212097168 632.0090942382812 50.08950424194336 307.181640625
0 110.22161102294922 592.5984497070312 220.44322204589844 229.779296875
0 563.484130859375 538.9082641601562 37.66583251953125 49.7685546875
3 800.470703125 423.0740966796875 15.98321533203125 57.814483642578125
3 823.9976806640625 432.8959045410156 15.0582275390625 35.82275390625
0 393.3798828125 537.1114501953125 35.143646240234375 41.7099609375
0 484.23760986328125 562.0181884765625 67.23806762695312 97.55609130859375
