2 898.0125122070312 374.08526611328125 21.396484375 89.75186157226562
0 54.586891174316406 417.0047607421875 109.17378234863281 89.24386596679688
2 292.8912353515625 386.3717041015625 19.13153076171875 71.41024780273438
2 872.8861083984375 373.1736145019531 23.09417724609375 94.74505615234375
3 680.4329833984375 126.87847137451172 15.63787841796875 51.53041076660156
3 355.4840393066406 26.788543701171875 27.83172607421875 53.375892639160156
0 409.96075439453125 401.901123046875 63.90509033203125 66.99041748046875
2 373.3490295410156 383.6502685546875 21.54473876953125 42.085205078125
0 670.3486938476562 392.9048767089844 76.738525390625 90.19873046875
0 11.720942497253418 577.369873046875 23.441884994506836 239.31381225585938
2 474.55938720703125 386.188720703125 17.239654541015625 75.36688232421875
3 350.80908203125 25.343324661254883 20.37689208984375 50.686649322509766
0 703.774658203125 380.147216796875 33.86602783203125 64.67471313476562
