2 982.859619140625 438.16357421875 82.28076171875 361.2675476074219
0 855.3768310546875 419.99359130859375 83.25250244140625 70.83914184570312
0 793.7649536132812 405.43719482421875 60.331298828125 57.94195556640625
3 955.7138671875 127.80132293701172 20.2718505859375 71.24913024902344
2 590.75830078125 367.809326171875 34.6064453125 110.63027954101562
2 714.3703002929688 381.322021484375 36.9775390625 123.39306640625
2 53.44116973876953 337.4451599121094 41.93630599975586 139.429931640625
2 908.8045654296875 417.775634765625 22.09881591796875 68.08926391601562
0 447.6356201171875 335.00311279296875 43.612396240234375 34.524505615234375
3 513.3692626953125 165.3220672607422 16.090850830078125 73.5086669921875
2 932.1920166015625 420.731689453125 18.8851318359375 57.982330322265625
2 258.2624206542969 330.2936096191406 25.221878051757812 102.23333740234375
2 222.35635375976562 324.04205322265625 28.450775146484375 126.49249267578125
2 112.77999877929688 326.419677734375 39.399269104003906 150.22935485839844
0 512.0 870.3707275390625 1024.0 307.258544921875
0 527.3990478515625 344.7038269042969 48.24139404296875 39.147705078125
2 674.199951171875 374.7933044433594 18.05291748046875 40.81298828125
