0 823.6002197265625 773.6046142578125 400.79949951171875 356.91510009765625
2 157.9940185546875 581.3873901367188 21.144790649414062 78.64599609375
3 420.7156677246094 394.02655029296875 20.66943359375 40.50286865234375
0 71.6172866821289 633.258544921875 143.2345733642578 215.50762939453125
0 610.2001953125 661.6009521484375 164.27032470703125 189.40850830078125
0 997.742919921875 873.734375 52.51416015625 300.53118896484375
3 254.20648193359375 356.42529296875 25.51934814453125 48.234283447265625
3 248.13519287109375 356.7350769042969 15.210098266601562 47.1611328125
0 459.4045104980469 994.3419189453125 763.0261840820312 59.31622314453125
3 260.9372253417969 356.71722412109375 12.850784301757812 47.72576904296875
0 11.89548397064209 678.5863037109375 23.79096794128418 238.96856689453125
