0 862.7177734375 623.8148803710938 321.9130859375 292.9603576660156
3 737.591064453125 138.65731811523438 39.89111328125 90.04781341552734
0 23.478681564331055 493.2284851074219 46.89728927612305 95.92767333984375
0 144.198974609375 473.2672424316406 48.568817138671875 47.0545654296875
0 512.078125 917.9161376953125 1023.84375 212.16778564453125
0 729.752685546875 516.9613647460938 84.13604736328125 76.73672485351562
3 876.7314453125 392.8802795410156 23.11248779296875 36.8692626953125
2 211.20977783203125 460.108154296875 10.162704467773438 32.50067138671875
3 278.131103515625 267.0838623046875 11.636383056640625 17.97906494140625
0 463.6260070800781 524.9590454101562 157.27362060546875 252.4205322265625
0 568.9119873046875 477.8636779785156 29.2716064453125 35.62225341796875
0 62.988494873046875 481.20098876953125 60.90411376953125 63.5064697265625
0 107.425048828125 480.4022521972656 41.994590759277344 47.28302001953125
3 277.83453369140625 255.83731079101562 14.20587158203125 43.09614562988281
2 837.1400146484375 464.4813232421875 12.09490966796875 27.714630126953125
3 730.5745239257812 136.7742919921875 26.080810546875 85.9190902709961
