0 94.24901580810547 712.2379150390625 187.9235076904297 177.8131103515625
3 472.87774658203125 328.1865234375 13.544342041015625 60.115631103515625
4 453.4764709472656 699.673828125 10.6630859375 25.00860595703125
0 665.2083129882812 673.793212890625 41.64404296875 29.48297119140625
3 861.5198974609375 309.25079345703125 21.99066162109375 75.72232055664062
3 884.5322265625 304.73681640625 23.52459716796875 81.55474853515625
2 277.65692138671875 691.1044921875 35.380584716796875 120.92657470703125
0 341.79693603515625 673.17822265625 55.378204345703125 79.58660888671875
3 24.875507354736328 465.11688232421875 17.133161544799805 36.202911376953125
0 533.9635009765625 671.5379028320312 33.2623291015625 48.759765625
0 493.2574462890625 675.775390625 32.440521240234375 39.43170166015625
0 376.49713134765625 673.4404296875 27.681060791015625 48.03363037109375
3 577.181884765625 597.9293212890625 11.66741943359375 14.06658935546875
4 453.45135498046875 694.2586669921875 11.954315185546875 36.1109619140625
3 24.206817626953125 478.8515625 18.31134033203125 65.4150390625
3 872.6656494140625 307.32806396484375 44.7249755859375 81.67568969726562
