1 900.8709106445312 682.7344970703125 57.927001953125 75.14630126953125
0 654.6683349609375 651.2745361328125 121.95355224609375 130.78973388671875
3 178.23373413085938 350.273193359375 20.308944702148438 54.1142578125
2 771.7265625 642.5748291015625 19.61798095703125 74.7662353515625
0 494.86767578125 612.5667724609375 26.932037353515625 38.81793212890625
3 57.758399963378906 452.2515869140625 13.18399429321289 52.350799560546875
0 994.2590942382812 691.9105224609375 59.4818115234375 130.64959716796875
0 454.25762939453125 604.4346923828125 22.889068603515625 39.19012451171875
3 163.5853271484375 349.8292541503906 14.650344848632812 47.99072265625
0 1004.46435546875 695.4871215820312 39.07135009765625 116.6986083984375
