0 148.53176879882812 592.087890625 297.0093994140625 354.1048583984375
3 527.7557373046875 69.38192749023438 17.8497314453125 76.17874908447266
2 560.509033203125 474.2646484375 64.6943359375 206.53964233398438
3 643.2045288085938 99.41555786132812 17.38037109375 62.78565216064453
0 220.83108520507812 471.5257263183594 131.6159210205078 98.57293701171875
3 550.724365234375 69.24728393554688 19.54241943359375 73.80511474609375
0 926.759765625 527.1602783203125 194.48046875 621.2188110351562
3 661.969970703125 100.15744018554688 15.22418212890625 58.908180236816406
0 512.0834350585938 892.13525390625 1023.8331298828125 263.72955322265625
1 561.68896484375 530.765380859375 65.80584716796875 134.89398193359375
3 652.2808837890625 99.80616760253906 35.14630126953125 63.4078369140625
