0 788.0970458984375 519.1681518554688 253.67352294921875 150.64157104492188
2 313.5218811035156 454.78839111328125 22.4107666015625 84.18768310546875
0 509.9776916503906 895.5809936523438 1019.9553833007812 256.8380126953125
3 693.2179565429688 84.53268432617188 52.40576171875 95.26852416992188
3 342.19219970703125 311.74920654296875 21.164520263671875 36.806854248046875
0 569.2351684570312 482.2164306640625 68.7152099609375 67.18142700195312
3 707.6013793945312 90.34373474121094 24.759765625 83.06822967529297
0 974.23876953125 511.963623046875 99.5224609375 102.20199584960938
0 670.4309692382812 481.98126220703125 108.929931640625 112.6568603515625
2 330.79266357421875 451.125732421875 17.635467529296875 65.84796142578125
3 346.44549560546875 311.9286193847656 29.590240478515625 43.21270751953125
3 676.888671875 85.15093994140625 20.40899658203125 88.1284408569336
3 873.1531982421875 362.0045471191406 21.28399658203125 33.61041259765625
3 685.556884765625 85.10938262939453 37.94012451171875 92.59254455566406
0 510.29296875 471.6986083984375 34.0931396484375 54.902740478515625
