2 640.3955078125 630.5945434570312 30.29766845703125 148.717041015625
2 849.1135864257812 669.2662963867188 89.0712890625 337.5689392089844
0 398.84881591796875 651.5383911132812 122.28521728515625 166.003662109375
3 229.6981201171875 379.0990295410156 15.741256713867188 44.87237548828125
3 213.621337890625 378.5538330078125 15.39306640625 42.684600830078125
3 445.0248107910156 324.277587890625 19.7498779296875 53.704437255859375
0 648.5725708007812 623.2470703125 106.27734375 57.3763427734375
3 216.3255157470703 378.336669921875 20.09954833984375 44.933746337890625
3 427.5389404296875 322.61920166015625 21.783477783203125 54.509674072265625
0 510.1806640625 980.81201171875 1020.361328125 86.22381591796875
0 333.7216796875 618.5199584960938 54.946868896484375 57.73486328125
3 226.8355255126953 378.09417724609375 20.403472900390625 47.292572021484375
0 184.6322021484375 570.7950439453125 185.27410888671875 172.6363525390625
