0 541.8394165039062 574.4202270507812 322.2508850097656 408.9855651855469
0 90.15853881835938 493.1568603515625 180.26129150390625 275.4140930175781
3 524.345703125 105.28451538085938 32.283294677734375 68.12531280517578
2 672.896484375 452.07464599609375 30.28399658203125 132.52734375
3 232.9940185546875 198.42825317382812 18.232223510742188 51.98539733886719
0 510.110595703125 902.12353515625 1019.931396484375 243.75299072265625
2 715.15869140625 441.1031188964844 20.1627197265625 90.35791015625
3 252.0121612548828 199.0255126953125 21.098052978515625 48.43696594238281
2 202.996826171875 432.31512451171875 17.408782958984375 67.97384643554688
0 993.9493408203125 459.757568359375 60.10137939453125 70.43280029296875
2 170.84222412109375 432.68359375 16.828903198242188 60.731658935546875
0 750.8255004882812 449.400390625 92.894775390625 74.22772216796875
3 851.8173828125 364.31201171875 29.9615478515625 46.31414794921875
0 987.258056640625 453.5204162597656 72.24261474609375 68.65625
2 652.1573486328125 441.0431823730469 19.47918701171875 86.755859375
2 361.32403564453125 432.826904296875 15.584869384765625 47.943267822265625
3 611.60009765625 360.34765625 13.90997314453125 24.37030029296875
0 825.9044189453125 446.3195495605469 156.4144287109375 85.31756591796875
