0 378.9803466796875 609.6043701171875 240.42068481445312 376.46270751953125
0 58.62189865112305 666.6212768554688 117.2437973022461 368.5402526855469
2 249.27154541015625 509.5186767578125 37.25526428222656 131.39920043945312
2 8.416996002197266 466.76043701171875 16.80626678466797 75.12380981445312
3 533.927734375 163.22613525390625 13.91973876953125 60.47572326660156
2 180.6461944580078 469.9750061035156 19.35516357421875 78.0958251953125
0 879.078125 743.0982666015625 289.7164306640625 377.3297119140625
3 288.059326171875 215.44766235351562 34.740142822265625 53.31610107421875
2 169.511962890625 475.52008056640625 13.522491455078125 63.607330322265625
0 702.8521728515625 600.216552734375 298.7386474609375 298.03363037109375
3 280.62554931640625 214.55332946777344 22.18402099609375 51.953216552734375
0 861.667236328125 484.87939453125 90.3284912109375 73.01376342773438
1 248.302734375 554.5250244140625 38.705078125 108.08319091796875
2 156.51739501953125 468.39599609375 25.107513427734375 62.76251220703125
3 141.76194763183594 382.93048095703125 14.187744140625 24.322906494140625
3 548.3741455078125 164.52618408203125 15.05767822265625 59.10945129394531
3 753.6036376953125 360.30389404296875 27.1158447265625 40.548431396484375
0 512.0950927734375 921.7391357421875 1023.3898315429688 204.52166748046875
3 294.93975830078125 215.659423828125 21.01873779296875 51.9619140625
2 11.54446792602539 469.81329345703125 23.00570297241211 83.42559814453125
