0 61.216793060302734 512.1845092773438 120.87157440185547 105.65530395507812
2 876.1048583984375 479.4574279785156 30.46795654296875 108.25567626953125
2 147.8769073486328 488.7186584472656 17.903076171875 62.78240966796875
0 792.2552490234375 552.9381103515625 193.69488525390625 212.97109985351562
3 411.97283935546875 384.72021484375 12.222564697265625 23.51544189453125
0 230.5585479736328 495.3388671875 68.04446411132812 65.00167846679688
0 274.3798828125 491.66241455078125 50.29435729980469 56.357635498046875
2 173.8780517578125 488.393798828125 12.469085693359375 48.935760498046875
0 688.0542602539062 526.366455078125 82.857666015625 139.41268920898438
3 543.1077880859375 393.183349609375 8.24432373046875 22.171783447265625
2 173.64549255371094 480.001220703125 12.712646484375 33.45477294921875
0 373.88848876953125 485.78375244140625 66.00534057617188 80.07080078125
