3 608.1265869140625 221.2706298828125 23.7392578125 72.39762878417969
0 87.04086303710938 638.194091796875 174.05252075195312 322.29962158203125
0 877.11328125 560.3543090820312 131.2857666015625 83.522216796875
2 889.833251953125 579.1622314453125 26.93731689453125 128.67535400390625
2 594.2040405273438 510.14794921875 12.06689453125 45.0869140625
3 54.46735382080078 274.42144775390625 19.585403442382812 52.77201843261719
2 570.6731567382812 506.9151916503906 11.822998046875 36.83905029296875
0 983.7807006835938 579.7867431640625 80.0859375 122.98309326171875
0 416.18634033203125 569.151123046875 137.51016235351562 206.83636474609375
4 576.5306396484375 551.4874267578125 11.27130126953125 32.62554931640625
3 805.4393310546875 375.50311279296875 42.0548095703125 25.455841064453125
0 523.31982421875 508.774658203125 52.6605224609375 53.3480224609375
3 69.76787567138672 272.02728271484375 17.102664947509766 58.90289306640625
3 51.13951110839844 274.3869934082031 14.579277038574219 52.41419982910156
0 182.75091552734375 528.0253295898438 84.90782165527344 77.71066284179688
