3 78.79251098632812 297.2485656738281 32.09880828857422 93.70405578613281
0 422.2925720214844 953.7325439453125 844.0027465820312 140.53497314453125
3 851.9541015625 428.0451354980469 15.35626220703125 26.892578125
3 84.88285064697266 296.6066589355469 19.901580810546875 93.71485900878906
0 53.5260009765625 786.352294921875 107.052001953125 364.70391845703125
0 979.8232421875 568.9124145507812 88.353515625 97.657958984375
3 63.997352600097656 419.544189453125 31.959304809570312 51.870697021484375
0 741.0619506835938 598.5992431640625 147.109375 209.67889404296875
0 428.2203369140625 574.9793090820312 59.262908935546875 79.183349609375
0 930.3347778320312 556.4139404296875 57.985107421875 69.6563720703125
3 956.8524169921875 449.9886474609375 9.78631591796875 27.889739990234375
3 86.51557922363281 423.1869812011719 76.18991088867188 63.7646484375
0 851.6265869140625 563.3203125 85.0433349609375 104.92404174804688
0 1017.5435791015625 592.2242431640625 12.91290283203125 140.15155029296875
3 222.11572265625 483.15008544921875 16.979583740234375 39.331268310546875
