0 548.0783081054688 503.936767578125 238.55953979492188 343.9324035644531
3 645.6070556640625 116.4391860961914 20.36309814453125 76.37202453613281
2 766.684326171875 437.7061767578125 32.71234130859375 101.81268310546875
0 149.9384307861328 457.22735595703125 299.8296203613281 370.2500305175781
3 740.4949951171875 274.537109375 18.01116943359375 67.38662719726562
3 875.2626953125 248.05563354492188 19.37225341796875 42.45039367675781
3 876.1591186523438 259.10064697265625 20.34375 67.93124389648438
0 418.9583740234375 412.46893310546875 59.721893310546875 76.33621215820312
0 692.5071411132812 435.7626037597656 123.171142578125 197.50628662109375
3 888.4591064453125 339.16156005859375 15.3681640625 28.783538818359375
2 786.9425048828125 225.1251983642578 28.84930419921875 87.72189331054688
0 511.8448181152344 870.23779296875 1023.6896362304688 307.1607666015625
