1 787.0172119140625 683.2213134765625 193.75115966796875 217.29656982421875
2 790.5849609375 596.6581420898438 89.97161865234375 302.1764831542969
2 990.8084106445312 533.8654174804688 45.432861328125 210.94503784179688
0 57.847633361816406 753.2005615234375 115.68032836914062 288.69757080078125
0 503.3907470703125 654.8060302734375 160.76931762695312 184.73028564453125
3 689.0361938476562 166.8736572265625 30.213134765625 108.36264038085938
0 176.8701934814453 647.4345703125 92.11236572265625 112.8087158203125
2 631.3606567382812 562.2418212890625 25.478271484375 100.07354736328125
3 183.07281494140625 545.16455078125 10.794631958007812 18.7587890625
0 307.642822265625 606.1029052734375 32.53173828125 43.2529296875
2 762.4456176757812 534.6336059570312 27.575439453125 88.18594360351562
2 681.0455322265625 547.4142456054688 20.9736328125 92.59530639648438
3 196.25973510742188 555.8380126953125 10.010147094726562 22.71466064453125
