2 977.423828125 512.65087890625 38.2327880859375 89.39901733398438
0 882.22265625 609.4260864257812 229.03277587890625 195.9150390625
0 549.2164306640625 538.9786376953125 112.94500732421875 77.58026123046875
2 15.634042739868164 538.4684448242188 27.424846649169922 85.95016479492188
2 54.5369873046875 542.3358764648438 25.896923065185547 84.28854370117188
3 209.04470825195312 417.65997314453125 9.019485473632812 31.0361328125
0 169.85107421875 563.0865478515625 141.11553955078125 144.57342529296875
2 664.64111328125 549.6340942382812 18.78485107421875 79.74209594726562
3 139.408203125 405.24542236328125 10.392593383789062 29.201751708984375
0 237.48223876953125 538.6624145507812 27.060256958007812 63.169158935546875
0 738.793212890625 558.3671875 162.62738037109375 171.7001953125
3 201.80862426757812 477.70281982421875 11.148483276367188 18.577728271484375
0 410.029296875 539.9906616210938 55.68927001953125 81.42257690429688
0 997.2879638671875 648.62744140625 53.42401123046875 314.6925964355469
0 289.81329345703125 536.9111328125 62.91845703125 87.1253662109375
3 138.91836547851562 342.2535400390625 18.974609375 43.464813232421875
3 149.6988525390625 342.9156494140625 19.243423461914062 41.150299072265625
