2 28.061309814453125 700.20458984375 56.12261962890625 226.88995361328125
1 35.445716857910156 758.2822265625 70.872802734375 175.2454833984375
0 361.65948486328125 652.333740234375 68.09274291992188 77.8544921875
2 577.6468505859375 666.264404296875 66.41070556640625 171.3260498046875
3 786.7171630859375 155.43048095703125 42.53887939453125 102.36687469482422
0 452.92059326171875 660.8388671875 88.08914184570312 103.89715576171875
4 847.7613525390625 689.440185546875 32.7965087890625 87.07696533203125
3 792.7369384765625 155.75247192382812 27.83013916015625 101.6224136352539
3 795.4160766601562 154.9866943359375 55.30322265625 100.99472045898438
0 609.555908203125 606.296875 36.01263427734375 20.5325927734375
0 531.4846801757812 620.5921020507812 21.277099609375 32.0263671875
