0 427.0829162597656 721.1920166015625 344.36090087890625 465.27178955078125
4 832.64697265625 632.156005859375 64.7689208984375 134.28436279296875
3 242.02545166015625 319.66912841796875 30.74688720703125 50.486480712890625
2 625.2263793945312 573.6759033203125 24.0123291015625 102.7564697265625
2 653.4169921875 570.68359375 31.3656005859375 115.3011474609375
2 577.4088134765625 539.4051513671875 14.3804931640625 51.96051025390625
3 519.821533203125 321.31634521484375 25.365570068359375 46.154205322265625
2 552.1270751953125 535.1688232421875 13.5927734375 43.04180908203125
2 671.9246215820312 572.022705078125 17.7640380859375 63.17547607421875
3 65.71490478515625 470.7301025390625 15.73366928100586 26.749603271484375
3 508.90118408203125 324.0682373046875 9.8173828125 39.19940185546875
0 723.53759765625 553.3846435546875 86.4517822265625 67.87188720703125
4 47.275203704833984 596.4749755859375 22.05718994140625 42.52203369140625
2 538.8463745117188 534.0354614257812 13.50927734375 32.5172119140625
