0 544.44140625 627.3988647460938 140.79354858398438 199.67626953125
2 849.6111450195312 607.2120361328125 27.5042724609375 105.5531005859375
2 351.1131591796875 600.8941650390625 41.40106201171875 160.3671875
4 375.0084533691406 628.7352905273438 48.26495361328125 119.0947265625
3 456.6142578125 330.25067138671875 10.81640625 45.771392822265625
2 768.3668212890625 601.9602661132812 22.46160888671875 113.4544677734375
1 312.11669921875 610.49462890625 54.337982177734375 74.150390625
3 664.6055908203125 309.9495849609375 30.29241943359375 58.830963134765625
4 241.7510223388672 732.3717041015625 128.11495971679688 264.32501220703125
2 785.298583984375 597.225830078125 19.10504150390625 95.20562744140625
3 673.5831298828125 311.20843505859375 13.31622314453125 54.70367431640625
0 475.6639709472656 577.2771606445312 47.22052001953125 87.3427734375
3 818.2032470703125 502.1083984375 26.98138427734375 34.5283203125
