0 928.9892578125 487.61395263671875 190.021484375 147.07577514648438
2 657.3131103515625 484.39447021484375 24.7984619140625 128.86270141601562
2 571.22509765625 463.2474670410156 17.66827392578125 71.51287841796875
0 44.07242202758789 494.5458984375 87.99935150146484 108.04135131835938
2 530.523193359375 463.1671142578125 18.22845458984375 71.58029174804688
3 406.9889221191406 67.58538818359375 19.10333251953125 93.60773468017578
2 591.780517578125 453.1092834472656 15.93658447265625 60.625
0 265.9537658691406 519.9591064453125 199.30262756347656 254.62481689453125
3 627.7296142578125 330.0514221191406 31.84783935546875 38.76446533203125
0 104.20738220214844 470.04510498046875 75.2700424194336 96.35116577148438
0 183.69192504882812 456.3175048828125 42.224365234375 79.69100952148438
0 358.5111083984375 460.9400634765625 36.402557373046875 73.03964233398438
2 491.66845703125 457.9541015625 14.229095458984375 58.46600341796875
