3 956.2611083984375 105.61773681640625 27.44573974609375 80.89447784423828
2 64.33218383789062 461.00738525390625 32.93804168701172 131.6885986328125
2 97.8301773071289 456.5180969238281 32.72392272949219 97.0531005859375
1 208.17666625976562 467.6361389160156 55.609710693359375 54.8380126953125
2 139.91455078125 457.2572021484375 21.477828979492188 104.12734985351562
3 273.4928894042969 313.9581298828125 10.6220703125 32.059112548828125
2 157.25729370117188 466.4784240722656 17.835311889648438 77.64727783203125
3 273.564453125 321.24896240234375 11.56427001953125 47.152557373046875
2 117.37750244140625 456.931640625 26.68206024169922 92.71865844726562
0 638.52392578125 573.3225708007812 195.0810546875 266.1019592285156
3 53.84740447998047 354.3204345703125 20.680927276611328 30.57611083984375
0 1007.390625 839.7039794921875 33.21875 356.08355712890625
2 762.7276611328125 495.45330810546875 19.49334716796875 90.72091674804688
