3 227.30621337890625 26.042829513549805 41.67372131347656 52.08016586303711
0 154.15707397460938 496.64080810546875 130.5635986328125 72.82443237304688
2 295.44732666015625 513.5474853515625 22.857940673828125 73.0460205078125
3 324.624755859375 356.0628967285156 15.214019775390625 75.19879150390625
3 137.46356201171875 261.2928466796875 20.452713012695312 62.55802917480469
3 140.72775268554688 193.93585205078125 19.010543823242188 68.7940673828125
3 511.5328369140625 199.84893798828125 28.713958740234375 88.14073181152344
3 350.0605773925781 312.5664367675781 14.39447021484375 52.22271728515625
0 923.0531005859375 560.4969482421875 83.09918212890625 81.75360107421875
3 485.51678466796875 182.6815948486328 16.692596435546875 55.935638427734375
3 515.6650390625 201.44692993164062 21.928314208984375 81.06794738769531
3 138.71934509277344 226.0987548828125 23.597999572753906 133.39691162109375
0 575.6719970703125 515.5159912109375 49.4229736328125 57.42401123046875
3 491.3822326660156 199.2284393310547 28.9017333984375 91.488525390625
0 60.58997344970703 479.769287109375 78.83651733398438 84.94369506835938
