2 44.10303497314453 440.498046875 40.61920166015625 162.0787353515625
2 262.0387878417969 452.2240905761719 34.59352111816406 128.62884521484375
2 100.19031524658203 442.529541015625 31.109848022460938 123.72784423828125
2 156.89981079101562 450.9375 40.183349609375 125.02133178710938
0 340.1607971191406 456.26055908203125 89.73846435546875 95.62118530273438
3 997.923583984375 103.02490997314453 38.56231689453125 119.33671569824219
0 408.2345275878906 451.73919677734375 63.4947509765625 74.29013061523438
0 901.7252197265625 501.1622314453125 178.94610595703125 189.54745483398438
0 555.3023681640625 491.2972717285156 118.07626342773438 169.59356689453125
2 145.6807861328125 442.1280822753906 22.496902465820312 125.26141357421875
3 232.62570190429688 314.57952880859375 27.778427124023438 36.844940185546875
0 439.98052978515625 442.26129150390625 50.300689697265625 70.93838500976562
3 484.1263427734375 175.74490356445312 12.356842041015625 56.69047546386719
0 707.7537841796875 457.68798828125 50.7181396484375 98.94247436523438
