2 869.6993408203125 640.9697265625 43.9342041015625 131.3929443359375
2 128.30523681640625 632.9715576171875 23.3251953125 82.52984619140625
0 645.1192626953125 640.1552734375 223.50091552734375 140.35821533203125
3 753.0801391601562 458.3717041015625 16.6932373046875 51.709381103515625
0 43.40148162841797 671.4918212890625 86.80296325683594 172.90625
2 489.3514099121094 631.6956787109375 24.3330078125 87.31976318359375
2 762.6350708007812 623.4278564453125 29.484130859375 94.3455810546875
2 848.3162231445312 615.3359375 21.0582275390625 90.1480712890625
2 214.34506225585938 621.61962890625 16.205764770507812 53.9996337890625
2 260.42340087890625 632.34814453125 25.586685180664062 106.94659423828125
2 249.06634521484375 639.860107421875 25.790817260742188 96.74151611328125
3 606.0120239257812 539.14599609375 11.2806396484375 26.96466064453125
0 393.6283874511719 631.7578125 184.0 144.7056884765625
2 253.521728515625 634.0875244140625 31.945907592773438 107.1383056640625
2 810.001220703125 643.0374145507812 18.46356201171875 47.8388671875
2 193.89517211914062 623.9556884765625 18.794723510742188 65.7939453125
2 178.9985809326172 628.4422607421875 23.2119140625 57.59844970703125
