2 663.6885986328125 534.4110717773438 76.1138916015625 326.7471618652344
2 143.6558074951172 467.26123046875 59.00389862060547 138.54965209960938
0 77.14261627197266 459.45330810546875 107.22156524658203 104.11874389648438
2 879.5123291015625 501.98779296875 54.08123779296875 158.31332397460938
2 16.644580841064453 464.0216064453125 33.289161682128906 166.19638061523438
3 320.3763732910156 57.6637077331543 21.3795166015625 86.1645278930664
3 346.000732421875 66.82662963867188 28.73712158203125 85.14491271972656
1 669.2288208007812 620.2607421875 72.273193359375 175.6090087890625
0 511.8849182128906 927.434326171875 1023.7698364257812 193.13140869140625
0 576.6104736328125 488.80401611328125 396.80047607421875 233.08322143554688
1 992.8650512695312 776.2828369140625 62.2698974609375 334.82879638671875
3 697.79541015625 284.267333984375 15.4189453125 76.68760681152344
2 181.0794219970703 442.8269958496094 12.498931884765625 37.02001953125
3 716.3875732421875 344.8997802734375 37.94476318359375 43.864990234375
2 261.79815673828125 442.7225646972656 18.772064208984375 32.21600341796875
3 714.9892578125 342.1627502441406 20.32147216796875 38.9722900390625
