2 937.571533203125 649.2977905273438 81.78472900390625 323.9150695800781
3 749.1438598632812 294.51568603515625 40.602783203125 72.57470703125
3 54.333919525146484 265.8437805175781 43.570716857910156 128.84088134765625
0 915.2586059570312 628.2322998046875 216.215576171875 194.69830322265625
3 887.0533447265625 507.7950439453125 10.49334716796875 26.730865478515625
3 11.703895568847656 374.9881896972656 23.378578186035156 59.142578125
3 888.1544799804688 507.5398864746094 15.041015625 27.78826904296875
2 73.40413665771484 679.567138671875 16.6077880859375 59.8033447265625
3 739.8840942382812 294.61138916015625 21.703369140625 71.0048828125
2 112.11588287353516 678.9564819335938 16.561248779296875 57.591796875
3 760.9273681640625 293.18804931640625 18.7855224609375 66.26007080078125
0 689.638427734375 641.2869873046875 216.36541748046875 267.21649169921875
