3 862.79296875 327.2432861328125 18.90313720703125 59.162322998046875
0 898.476806640625 749.8219604492188 251.04638671875 547.98095703125
0 260.052001953125 679.0836181640625 105.39910888671875 96.34686279296875
2 583.6426391601562 683.3692626953125 51.887939453125 138.15850830078125
3 413.8304443359375 616.630615234375 13.093048095703125 25.09991455078125
3 484.548095703125 519.1170043945312 11.001373291015625 41.685943603515625
2 583.4260864257812 710.6092529296875 50.377197265625 83.43829345703125
2 691.8623657226562 667.5529174804688 29.8475341796875 92.96484375
3 360.5255126953125 552.7882690429688 18.708740234375 33.70703125
3 596.1859130859375 520.5784301757812 11.77557373046875 28.0400390625
