2 198.96202087402344 601.329345703125 33.3958740234375 111.00726318359375
2 368.799560546875 619.0877685546875 30.187103271484375 119.3787841796875
2 257.88031005859375 605.2769165039062 19.440338134765625 89.5343017578125
2 64.69486999511719 598.473388671875 55.782535552978516 214.42816162109375
2 17.04080581665039 595.299560546875 34.08161163330078 203.38128662109375
0 744.3048095703125 648.4675903320312 115.17547607421875 121.6607666015625
2 109.87083435058594 621.9470825195312 48.32176971435547 167.5474853515625
2 338.2242736816406 598.468994140625 17.77685546875 74.90985107421875
2 648.3553466796875 613.0634765625 12.03704833984375 48.7711181640625
2 480.53472900390625 602.8396606445312 15.95330810546875 48.2156982421875
3 946.4224853515625 530.9395751953125 19.8623046875 34.8363037109375
0 562.6846313476562 626.24169921875 82.17138671875 124.86834716796875
3 573.675537109375 266.0768737792969 21.0047607421875 69.79835510253906
3 557.4971313476562 261.69873046875 27.8612060546875 74.44915771484375
3 550.8070068359375 261.71539306640625 28.0340576171875 73.19219970703125
3 567.0012817382812 263.27880859375 34.1673583984375 75.85411071777344
