2 811.2120971679688 370.24981689453125 29.35302734375 102.25918579101562
2 677.874755859375 350.21600341796875 26.60174560546875 91.65017700195312
2 82.43328857421875 372.23663330078125 67.188720703125 408.0892333984375
1 678.61328125 372.0186767578125 28.44842529296875 61.042694091796875
1 813.9312744140625 393.4520568847656 63.86639404296875 65.20477294921875
0 122.06109619140625 300.94903564453125 42.58222198486328 72.62387084960938
0 606.1858520507812 326.66595458984375 41.60986328125 51.475250244140625
3 780.46240234375 95.46988677978516 21.0093994140625 57.948272705078125
3 788.19091796875 96.04740142822266 36.0123291015625 59.58674621582031
3 799.005615234375 97.58352661132812 16.26324462890625 57.49262237548828
0 511.8952331542969 879.782470703125 1023.2240600585938 288.43511962890625
0 178.56524658203125 300.94805908203125 84.43013000488281 88.41159057617188
3 795.994873046875 96.15030670166016 21.60662841796875 57.467742919921875
1 988.363525390625 384.70166015625 50.39215087890625 31.629791259765625
0 641.7724609375 336.30438232421875 46.6497802734375 50.35760498046875
2 280.8256530761719 300.7044677734375 15.001953125 37.884429931640625
