0 595.1975708007812 688.23779296875 254.70193481445312 252.19354248046875
2 106.598876953125 630.9861450195312 44.68315887451172 172.044921875
2 20.02753257751465 665.0440063476562 40.0550651550293 190.601318359375
3 519.1295166015625 497.83404541015625 16.76885986328125 30.697540283203125
0 935.1171875 618.97998046875 171.15234375 141.8475341796875
0 907.3635864257812 619.0867919921875 114.5933837890625 140.58526611328125
3 446.9635009765625 500.71221923828125 12.089263916015625 22.45623779296875
0 40.354496002197266 646.9812622070312 80.5464859008789 106.5693359375
3 294.8803405761719 496.18310546875 24.056640625 33.171478271484375
3 323.90399169921875 497.81982421875 15.728515625 28.8988037109375
