0 878.9100341796875 499.25341796875 178.84136962890625 122.275390625
0 75.63087463378906 596.3192138671875 151.26174926757812 361.60870361328125
3 484.01470947265625 217.710205078125 29.09832763671875 67.44229125976562
2 685.1356201171875 486.0469970703125 26.31817626953125 92.91384887695312
2 568.3111572265625 508.3652038574219 23.7626953125 110.99505615234375
2 998.04345703125 522.8121948242188 46.7474365234375 219.69552612304688
2 715.1431884765625 484.7530212402344 27.15252685546875 99.64373779296875
3 1009.2801513671875 151.57115173339844 29.43963623046875 120.5713119506836
0 361.37310791015625 597.2745361328125 176.47625732421875 240.84939575195312
2 605.217041015625 507.49359130859375 23.07086181640625 96.16220092773438
3 632.4395141601562 402.00616455078125 15.4962158203125 30.050445556640625
0 233.3595733642578 534.5665283203125 36.07958984375 46.728912353515625
2 814.906982421875 473.90264892578125 27.1219482421875 38.45391845703125
3 479.03631591796875 217.64962768554688 20.119232177734375 67.63291931152344
0 489.859375 511.97900390625 94.6282958984375 99.11068725585938
0 268.46875 531.5836791992188 35.01737976074219 45.270477294921875
2 1013.0045166015625 522.62744140625 21.99102783203125 218.16937255859375
1 714.898681640625 508.8932800292969 25.2545166015625 71.23187255859375
