0 542.2256469726562 489.36688232421875 111.4639892578125 160.52529907226562
2 861.9573974609375 439.89337158203125 27.02691650390625 37.22314453125
0 873.4945068359375 635.5263671875 301.01092529296875 359.3429870605469
3 309.40008544921875 186.66522216796875 13.468048095703125 51.87516784667969
3 977.5580444335938 80.32858276367188 29.44921875 93.42362976074219
3 429.5219421386719 320.6817626953125 14.34716796875 32.063751220703125
3 650.555908203125 136.67416381835938 18.17596435546875 69.71504211425781
3 983.216064453125 79.84895324707031 40.17730712890625 98.83505249023438
0 873.4371337890625 734.7230224609375 301.12579345703125 561.7614135742188
0 49.677467346191406 650.1829833984375 99.35073852539062 430.06134033203125
3 707.7322998046875 336.4774169921875 8.40411376953125 22.993499755859375
3 645.5650634765625 377.4641418457031 14.44732666015625 22.197265625
0 144.72171020507812 504.9818420410156 289.44342041015625 415.25311279296875
2 994.1171875 573.4088134765625 59.6390380859375 893.5238647460938
2 294.4949951171875 427.3431396484375 16.612518310546875 83.31076049804688
3 706.2325439453125 336.29327392578125 12.4039306640625 24.82550048828125
