2 385.6483459472656 665.2237548828125 93.7484130859375 553.3562622070312
2 719.8862915039062 598.18359375 32.655517578125 42.1136474609375
2 910.1646728515625 599.19921875 26.46173095703125 116.0185546875
2 993.7201538085938 607.6091918945312 31.44140625 134.197998046875
3 449.75634765625 149.5965118408203 46.942779541015625 88.76689910888672
2 1010.5127563476562 613.7770385742188 26.9744873046875 188.7109375
3 438.6060791015625 150.3381805419922 25.241790771484375 83.93779754638672
2 958.6246337890625 595.9785766601562 30.1656494140625 94.192626953125
3 465.0626525878906 151.285400390625 17.251953125 84.10580444335938
0 316.888427734375 515.5094604492188 582.5303955078125 411.8658142089844
0 511.5231628417969 978.7830200195312 1021.2794799804688 90.283935546875
