0 162.06040954589844 686.1943359375 324.1208190917969 342.69805908203125
2 541.5042114257812 579.3211669921875 35.9478759765625 156.05291748046875
2 432.5738525390625 563.0532836914062 26.795135498046875 106.47842407226562
3 321.6290283203125 441.18817138671875 13.772125244140625 22.597869873046875
2 387.7644348144531 584.6761474609375 36.19354248046875 184.43338012695312
3 520.23974609375 375.65631103515625 27.77862548828125 59.77105712890625
2 517.5 561.2303466796875 16.3779296875 96.69598388671875
3 475.9269714355469 378.9057922363281 23.8369140625 61.0223388671875
2 472.1457214355469 560.8082275390625 15.169921875 38.16046142578125
3 232.31900024414062 458.6537170410156 14.853515625 21.9349365234375
