0 163.7711639404297 719.3560791015625 327.5423278808594 400.59979248046875
0 925.9732666015625 608.3126220703125 196.05340576171875 264.38543701171875
0 436.23382568359375 537.6178588867188 80.53231811523438 97.70114135742188
2 340.69073486328125 534.5225219726562 33.653350830078125 115.1220703125
0 249.34963989257812 546.171142578125 138.37950134277344 96.89633178710938
3 795.4969482421875 297.5628967285156 15.96563720703125 56.15191650390625
0 619.0914306640625 530.685546875 42.1129150390625 55.026580810546875
3 809.9939575195312 294.1908874511719 15.50390625 53.95166015625
3 802.1741943359375 296.61041259765625 29.94683837890625 57.940460205078125
3 807.0230712890625 294.93634033203125 20.7056884765625 55.492095947265625
3 145.4464111328125 328.9938049316406 44.83525848388672 59.43377685546875
0 668.7237548828125 540.5054931640625 22.44171142578125 40.36065673828125
