0 213.2559814453125 627.4830932617188 253.82379150390625 242.49270629882812
3 326.818603515625 16.753992080688477 30.764556884765625 33.50798416137695
0 48.9906005859375 567.1455078125 97.4534912109375 78.62945556640625
0 748.3114013671875 553.8681640625 74.3074951171875 90.9769287109375
3 306.105224609375 36.54639434814453 74.51043701171875 73.05738830566406
3 290.4348449707031 36.04753494262695 34.09228515625 71.87747955322266
3 662.5823364257812 61.48775863647461 33.4931640625 122.97551727294922
0 642.4016723632812 535.9166870117188 49.853271484375 48.760955810546875
0 48.89059829711914 586.8250122070312 97.78119659423828 119.0897216796875
0 702.1029052734375 538.5198974609375 56.35662841796875 88.71633911132812
