0 328.8775634765625 680.354248046875 417.9614562988281 392.95452880859375
3 264.68695068359375 244.17581176757812 44.33052062988281 83.01963806152344
4 656.3755493164062 640.3779296875 12.999267578125 40.7459716796875
2 670.2805786132812 590.3133544921875 19.9224853515625 60.75274658203125
2 1005.1322021484375 591.8711547851562 14.99163818359375 100.1015625
3 820.1565551757812 489.3260803222656 20.8294677734375 29.720703125
3 277.6884765625 244.45785522460938 20.07110595703125 79.00498962402344
3 254.8604278564453 243.89093017578125 25.007965087890625 79.26786804199219
0 512.8040771484375 963.0029296875 1020.1438598632812 121.99420166015625
0 534.6716918945312 593.6314697265625 18.169677734375 24.7623291015625
3 827.9149780273438 488.31695556640625 35.6220703125 37.47216796875
2 558.3485107421875 598.2181396484375 15.43707275390625 43.88299560546875
