0 191.396728515625 489.69024658203125 111.57275390625 68.32882690429688
0 867.84326171875 634.9501953125 312.31353759765625 357.4794921875
3 264.35369873046875 352.6983642578125 15.389373779296875 48.889556884765625
0 23.016767501831055 619.6031494140625 46.03353500366211 300.0622863769531
2 707.9110717773438 457.5668029785156 20.8251953125 62.04217529296875
2 674.2762451171875 458.5774841308594 17.11212158203125 60.419921875
2 730.6531982421875 447.7962951660156 13.45428466796875 62.0897216796875
0 389.37799072265625 578.34228515625 196.49301147460938 324.4205017089844
2 167.88748168945312 465.680419921875 12.473892211914062 28.21795654296875
0 509.7926940917969 907.926513671875 1019.5853881835938 232.14697265625
2 295.47735595703125 475.1500549316406 17.790924072265625 55.32763671875
0 590.842529296875 480.42645263671875 64.23260498046875 79.76419067382812
