3 644.8043212890625 395.2590026855469 15.63848876953125 51.719970703125
3 358.86724853515625 321.853759765625 17.50439453125 57.187652587890625
2 666.29443359375 520.8777465820312 17.51641845703125 71.6715087890625
2 566.9987182617188 532.6800537109375 16.59033203125 75.08456420898438
2 940.5906982421875 739.9844970703125 166.81854248046875 568.031005859375
3 543.3568115234375 410.05145263671875 10.69775390625 48.526763916015625
0 485.1366271972656 530.4864501953125 47.8699951171875 64.16229248046875
3 543.6243896484375 464.6387939453125 11.93804931640625 20.889251708984375
0 302.66326904296875 545.9869384765625 25.669921875 40.4189453125
3 376.35821533203125 298.6385803222656 16.26739501953125 26.22650146484375
