3 536.5277709960938 305.7738952636719 18.158203125 60.79541015625
0 960.2620849609375 505.496337890625 126.24920654296875 56.19189453125
0 804.8759765625 528.4244384765625 135.5201416015625 62.521514892578125
3 21.779319763183594 17.100793838500977 43.50495147705078 34.20158767700195
3 1002.3463134765625 88.5364761352539 42.49334716796875 175.91990661621094
3 1007.7312622070312 275.6278381347656 30.602294921875 99.27967834472656
3 571.5904541015625 477.55535888671875 11.69793701171875 25.710540771484375
3 543.9744873046875 470.25244140625 5.68414306640625 17.05029296875
3 501.5357971191406 443.28594970703125 8.9315185546875 21.28204345703125
3 701.572998046875 467.37548828125 14.7286376953125 22.591217041015625
3 967.779541015625 295.70330810546875 18.21051025390625 67.41397094726562
0 466.77880859375 572.9252319335938 96.19906616210938 108.29052734375
0 505.6743469238281 962.3699951171875 1010.7556762695312 123.26007080078125
