4 735.1434326171875 482.65301513671875 34.27569580078125 97.45761108398438
4 793.597412109375 508.99444580078125 44.13531494140625 117.24600219726562
4 679.9871215820312 439.503662109375 27.406494140625 77.07723999023438
0 780.4534301757812 424.9862060546875 177.544677734375 186.02371215820312
0 442.51434326171875 351.44036865234375 36.171173095703125 48.830352783203125
0 914.275146484375 480.37030029296875 219.44970703125 358.3097839355469
0 512.0350341796875 879.6658935546875 1023.8507080078125 288.66827392578125
3 486.9925842285156 24.037385940551758 29.67462158203125 47.90813064575195
2 475.6664123535156 349.0751953125 18.42822265625 61.599609375
2 472.38580322265625 346.6658020019531 13.75555419921875 57.3021240234375
2 864.75732421875 321.80694580078125 26.76934814453125 73.96737670898438
