0 903.660888671875 438.5404052734375 240.67822265625 312.1875915527344
0 123.92536926269531 552.4902954101562 247.85073852539062 343.1395568847656
3 270.9606018066406 310.3338928222656 26.1439208984375 31.7503662109375
0 519.2115478515625 442.7854919433594 133.68069458007812 205.92401123046875
2 788.6070556640625 362.9556884765625 22.751953125 104.49810791015625
2 881.349609375 355.950927734375 32.1474609375 83.04705810546875
2 1004.7747192382812 491.7152099609375 38.4505615234375 368.7191467285156
2 400.7347717285156 392.1109924316406 20.08807373046875 78.0648193359375
0 511.515625 875.7896118164062 1023.03125 296.4207763671875
2 134.425537109375 398.033203125 21.643646240234375 53.01788330078125
2 838.311767578125 364.21124267578125 37.40643310546875 97.70620727539062
2 366.37347412109375 401.4778747558594 20.015716552734375 75.480224609375
2 738.472412109375 396.64031982421875 30.82830810546875 164.22842407226562
2 975.548095703125 315.9376220703125 25.81951904296875 27.964752197265625
