3 468.5687255859375 131.28170776367188 40.663177490234375 94.72416687011719
2 98.1141128540039 518.6026611328125 40.05204772949219 185.8443603515625
3 933.1806640625 16.570419311523438 40.3218994140625 33.140838623046875
2 55.532859802246094 523.4420166015625 37.95263671875 204.46405029296875
0 138.4069061279297 511.22314453125 164.87985229492188 155.0830078125
2 869.8289184570312 484.45001220703125 21.1812744140625 90.8677978515625
2 814.72998046875 485.02484130859375 17.10577392578125 69.91622924804688
2 167.0208282470703 520.3920288085938 43.85662841796875 156.85690307617188
2 964.6654052734375 486.89794921875 29.56915283203125 106.14181518554688
2 889.870361328125 488.914794921875 20.10430908203125 101.41683959960938
2 905.139892578125 496.56219482421875 24.65765380859375 104.33346557617188
0 28.945819854736328 681.348388671875 57.891639709472656 679.7039184570312
0 432.91302490234375 505.11712646484375 334.1049499511719 514.8253173828125
2 203.79031372070312 520.8658447265625 47.707427978515625 163.45742797851562
2 932.583251953125 489.31396484375 24.32269287109375 97.51840209960938
3 278.62677001953125 387.88507080078125 14.471832275390625 25.697845458984375
3 478.7740478515625 131.4162139892578 19.800994873046875 93.48876953125
