0 539.24658203125 716.2652587890625 215.82015991210938 264.8326416015625
3 605.2454833984375 448.831787109375 26.66802978515625 113.80059814453125
0 923.5040283203125 641.1333618164062 39.43145751953125 32.198486328125
0 378.68792724609375 668.2374267578125 62.215576171875 73.51251220703125
3 394.12371826171875 452.052001953125 15.651275634765625 41.20184326171875
3 391.53936767578125 452.63653564453125 11.42626953125 39.9287109375
0 809.6708984375 644.0986938476562 45.626953125 55.071533203125
3 400.4625549316406 451.9471740722656 14.3807373046875 42.16143798828125
3 397.18743896484375 451.956787109375 19.849334716796875 42.79327392578125
2 400.62371826171875 623.2525634765625 10.547271728515625 24.322265625
0 138.40045166015625 632.9583740234375 106.64595031738281 46.57733154296875
3 529.001708984375 509.8874206542969 12.73748779296875 40.24163818359375
