2 904.596923828125 463.70751953125 73.02691650390625 405.88623046875
2 993.983642578125 306.8150329589844 34.68206787109375 104.31495666503906
2 38.043052673339844 330.59442138671875 39.308082580566406 102.08084106445312
3 275.0177001953125 143.76730346679688 15.331451416015625 65.61933898925781
4 809.748291015625 335.50079345703125 19.80328369140625 45.708587646484375
3 740.150390625 43.42687225341797 20.1796875 66.814208984375
4 827.9146728515625 334.9256896972656 19.69256591796875 44.02685546875
0 286.9980773925781 338.16265869140625 258.2730712890625 167.86993408203125
0 128.44436645507812 316.0782470703125 30.272659301757812 52.694183349609375
3 740.3026123046875 198.004150390625 17.21929931640625 31.287796020507812
2 150.8505096435547 321.57861328125 23.03369140625 105.90927124023438
1 152.83560180664062 343.974365234375 21.736038208007812 64.34658813476562
2 5.624633312225342 333.2577209472656 11.204325675964355 89.60467529296875
1 151.7235107421875 329.34454345703125 24.554977416992188 93.22940063476562
