2 678.7776489257812 661.1499633789062 87.692138671875 367.22412109375
3 949.4947509765625 415.92388916015625 20.27813720703125 63.399322509765625
2 622.2868041992188 610.2793579101562 30.51025390625 126.5736083984375
3 101.256103515625 339.4587707519531 23.214088439941406 79.79766845703125
2 462.3595275878906 624.0515747070312 24.8460693359375 83.4273681640625
0 162.37625122070312 637.4644775390625 81.05107116699219 79.025390625
0 430.2840576171875 629.7678833007812 53.464080810546875 82.9439697265625
1 692.2319946289062 809.5086059570312 54.586669921875 235.276611328125
2 34.213897705078125 618.6846923828125 21.206228256225586 64.60546875
0 239.25234985351562 631.3611450195312 80.707275390625 85.0205078125
1 682.161865234375 787.0516967773438 77.11468505859375 286.2978515625
2 3.9986908435821533 627.5224609375 7.995068073272705 71.32501220703125
