0 383.9756164550781 756.65576171875 328.01397705078125 411.92999267578125
0 535.4461059570312 632.6580810546875 86.16015625 132.00994873046875
2 583.3670654296875 622.4500732421875 38.81951904296875 130.70208740234375
3 455.68377685546875 335.1590576171875 18.839141845703125 70.49942016601562
3 371.2872619628906 436.02490234375 11.8465576171875 46.54608154296875
2 191.60260009765625 626.9351806640625 16.553085327148438 59.9876708984375
3 192.96377563476562 546.3259887695312 9.669769287109375 25.397216796875
2 182.9397735595703 626.6483154296875 16.134429931640625 59.59527587890625
2 188.07142639160156 627.5982055664062 20.840789794921875 60.9425048828125
3 455.8857421875 323.48333740234375 20.271575927734375 91.87100219726562
2 450.0566101074219 628.66748046875 55.556640625 69.21026611328125
