0 66.68570709228516 704.90234375 133.3047332763672 267.36993408203125
3 211.45330810546875 478.69097900390625 16.635055541992188 26.780181884765625
3 780.858154296875 385.7596130371094 34.69781494140625 156.668212890625
0 160.6661834716797 654.5875244140625 41.95263671875 34.88702392578125
3 619.8660888671875 531.2236328125 20.07464599609375 59.048065185546875
1 473.6607971191406 658.6331176757812 25.46600341796875 42.4375
3 819.090576171875 489.6703186035156 30.33074951171875 91.39373779296875
1 465.2080078125 658.99365234375 43.78631591796875 43.81817626953125
2 473.3119201660156 644.9392700195312 16.22344970703125 59.536376953125
3 815.9166259765625 485.2472839355469 23.82550048828125 80.12384033203125
3 746.6946411132812 450.9228515625 24.315185546875 60.790435791015625
3 599.754150390625 529.23876953125 17.49981689453125 55.0166015625
0 967.1599731445312 626.87255859375 52.6136474609375 17.33807373046875
3 363.14715576171875 496.2650146484375 11.693450927734375 34.440826416015625
0 351.744140625 645.2794799804688 36.73260498046875 60.4189453125
