0 894.4559326171875 744.0120239257812 208.77227783203125 149.141845703125
2 80.76824188232422 705.0111083984375 35.57854080200195 110.61358642578125
4 723.0335693359375 733.171142578125 14.3238525390625 48.14007568359375
3 30.14685821533203 569.710693359375 17.68418312072754 29.59942626953125
0 147.22824096679688 709.0463256835938 99.13172149658203 90.5185546875
0 490.7548522949219 672.6062622070312 23.93896484375 25.385009765625
0 212.45054626464844 698.4412231445312 57.153411865234375 71.143798828125
3 630.66259765625 399.796875 28.39569091796875 64.4638671875
3 502.4603576660156 601.906982421875 11.07147216796875 19.93511962890625
3 57.75363540649414 570.53271484375 16.872535705566406 32.22283935546875
0 242.875244140625 686.7097778320312 53.34220886230469 72.138427734375
3 624.7205810546875 401.9354553222656 17.74102783203125 59.8663330078125
3 806.9595947265625 588.40966796875 20.86309814453125 38.49298095703125
0 279.0534973144531 686.8753051757812 33.5330810546875 52.244384765625
