3 65.20172119140625 384.0087890625 18.550762176513672 61.641204833984375
3 413.244140625 401.79461669921875 18.93621826171875 75.36404418945312
3 28.771223068237305 247.85009765625 31.128376007080078 79.03623962402344
3 1011.1817626953125 468.5496826171875 25.109375 45.146392822265625
3 747.365966796875 111.8548583984375 58.70880126953125 114.36587524414062
0 863.7166748046875 646.01123046875 145.59844970703125 153.884765625
0 199.6221923828125 552.3985595703125 71.83082580566406 46.7884521484375
3 728.1157836914062 112.96520233154297 21.0738525390625 103.81852722167969
3 765.36474609375 110.28962707519531 23.9267578125 100.66162872314453
0 251.0985107421875 551.298583984375 36.16850280761719 28.32550048828125
0 499.45556640625 939.1013793945312 998.9111328125 169.7972412109375
