2 594.79736328125 590.5607299804688 141.56427001953125 457.6988220214844
3 685.7244262695312 114.48411560058594 23.233154296875 76.44072723388672
0 917.251220703125 459.22711181640625 78.16290283203125 75.70343017578125
2 32.10552978515625 436.56573486328125 52.6300048828125 121.9560546875
2 474.5474853515625 491.75408935546875 51.665618896484375 213.06582641601562
2 427.97320556640625 483.49774169921875 57.277252197265625 224.30221557617188
0 980.139892578125 477.6723327636719 87.72021484375 76.08331298828125
0 806.0066528320312 478.2123718261719 130.204833984375 123.62530517578125
2 231.45111083984375 501.2238464355469 66.31434631347656 260.61016845703125
2 355.490478515625 507.87744140625 70.68740844726562 287.1935729980469
2 394.82977294921875 460.69525146484375 30.493896484375 157.73873901367188
3 999.2349853515625 198.68328857421875 16.111328125 57.22026062011719
0 33.880733489990234 402.2069396972656 67.75960540771484 134.38916015625
2 280.99365234375 452.5951232910156 37.048248291015625 172.33746337890625
0 1017.2894287109375 488.58477783203125 13.42108154296875 92.498046875
0 747.9778442382812 423.10687255859375 37.475341796875 42.030853271484375
