2 338.513671875 496.9456787109375 28.804290771484375 129.85549926757812
2 118.87910461425781 504.43182373046875 57.92485809326172 151.17440795898438
2 190.4813232421875 490.4207763671875 34.11967468261719 148.87655639648438
2 950.4263916015625 533.8566284179688 34.5179443359375 133.21151733398438
2 290.1947021484375 499.1090087890625 24.996978759765625 129.2071533203125
2 838.0810546875 499.73699951171875 24.87109375 89.67086791992188
0 512.5419921875 952.668701171875 1022.893798828125 142.61175537109375
2 814.3555908203125 512.536865234375 26.2457275390625 105.38360595703125
3 670.4830322265625 132.2384033203125 20.0804443359375 71.1048812866211
0 540.85302734375 462.67919921875 23.4140625 21.15350341796875
0 497.98291015625 478.17315673828125 39.640472412109375 54.91259765625
