0 606.3626708984375 765.130126953125 359.2010803222656 501.95037841796875
3 501.7171936035156 248.68821716308594 18.703125 72.78707885742188
0 182.94815063476562 712.2327880859375 365.8834228515625 455.2769470214844
3 234.51451110839844 378.3704528808594 13.14013671875 43.90673828125
2 680.5490112304688 524.0945434570312 19.9482421875 29.595489501953125
3 373.1026611328125 424.15234375 11.442596435546875 34.668182373046875
2 633.7401123046875 502.03045654296875 14.18243408203125 41.266815185546875
3 752.1898193359375 402.4451904296875 49.17620849609375 61.256500244140625
0 880.9244384765625 556.9844970703125 105.28985595703125 161.38320922851562
0 470.483154296875 525.8070068359375 85.05282592773438 87.15390014648438
2 609.419189453125 501.64971923828125 15.1063232421875 38.6197509765625
