0 191.3258819580078 425.2518615722656 131.82437133789062 127.89141845703125
2 62.96963119506836 400.03582763671875 21.829322814941406 105.69113159179688
3 383.659423828125 177.82980346679688 22.72381591796875 41.73854064941406
0 531.3511962890625 493.3995056152344 249.81805419921875 353.87860107421875
0 895.0277099609375 555.1473999023438 257.944580078125 583.3958740234375
0 661.1450805664062 409.5552978515625 57.632080078125 115.52523803710938
0 395.4403076171875 388.4934387207031 49.153106689453125 61.3416748046875
2 348.3079528808594 377.20928955078125 13.998046875 47.93475341796875
2 327.39227294921875 380.69989013671875 18.923919677734375 51.043060302734375
0 33.7958869934082 429.364013671875 67.5721664428711 359.8492431640625
