2 334.0140686035156 483.5145568847656 28.491455078125 114.56134033203125
3 335.27484130859375 105.45021057128906 19.432464599609375 81.19379425048828
2 379.40106201171875 462.6087951660156 20.820404052734375 81.5938720703125
3 362.28985595703125 110.217529296875 24.471649169921875 79.60247039794922
3 667.0963134765625 178.12979125976562 16.5775146484375 61.16258239746094
0 116.46788787841797 468.68212890625 232.93577575683594 165.65194702148438
2 405.8705139160156 487.25115966796875 19.6514892578125 97.91720581054688
2 849.1358642578125 513.6710205078125 35.65625 137.46795654296875
2 885.4420166015625 517.8857421875 24.7642822265625 125.97970581054688
3 232.077880859375 355.3352355957031 27.062408447265625 34.8958740234375
2 813.1522216796875 509.51824951171875 34.71343994140625 104.92910766601562
1 664.8419189453125 507.8358459472656 36.56427001953125 52.97869873046875
2 191.89996337890625 421.9529113769531 19.288375854492188 25.3707275390625
2 699.176025390625 502.13946533203125 21.99310302734375 98.21133422851562
