0 147.43458557128906 508.27227783203125 105.76630401611328 81.32302856445312
2 777.5379638671875 510.22705078125 46.38055419921875 114.81893920898438
2 10.117331504821777 498.05828857421875 20.234663009643555 88.92575073242188
3 725.70263671875 35.4648323059082 54.13848876953125 70.8693618774414
2 988.3017578125 543.185546875 47.60546875 212.4124755859375
0 511.82666015625 914.1728515625 1023.6533203125 219.6402587890625
3 186.37567138671875 249.17745971679688 19.308273315429688 55.05162048339844
2 1014.627197265625 548.1287841796875 18.74566650390625 207.30340576171875
0 556.1946411132812 476.13018798828125 23.408935546875 25.815826416015625
3 170.65911865234375 246.74058532714844 14.724761962890625 53.884674072265625
0 698.6980590820312 507.10772705078125 74.1507568359375 79.75625610351562
3 180.11740112304688 248.30581665039062 32.56913757324219 57.34199523925781
3 736.2679443359375 34.40018844604492 33.21112060546875 66.8416976928711
