2 762.1427001953125 566.2996826171875 50.22265625 210.08840942382812
2 198.19540405273438 554.7634887695312 42.3770751953125 153.05685424804688
2 301.919677734375 548.0579223632812 44.34808349609375 151.65792846679688
0 49.00233840942383 546.8737182617188 97.86174774169922 89.75888061523438
2 895.0809326171875 540.7330932617188 28.93341064453125 95.89743041992188
3 465.23553466796875 7.418141841888428 25.335357666015625 14.836283683776855
0 920.5823974609375 538.7964477539062 134.77777099609375 97.02294921875
0 1003.31640625 548.3175048828125 40.88983154296875 85.99237060546875
0 812.8614501953125 543.624267578125 65.39068603515625 60.29522705078125
3 712.3237915039062 381.875732421875 38.3326416015625 46.55316162109375
0 993.6644287109375 539.0485229492188 43.40081787109375 74.49411010742188
0 511.936767578125 905.4521484375 1023.87353515625 236.95098876953125
0 371.03790283203125 542.9376220703125 54.148193359375 56.63104248046875
