0 361.36688232421875 509.5218505859375 95.78848266601562 72.09744262695312
0 510.4154968261719 955.60009765625 1020.8309936523438 136.75567626953125
3 163.11965942382812 224.96490478515625 18.699859619140625 73.11299133300781
0 780.7071533203125 534.3834228515625 87.76934814453125 120.7633056640625
2 996.9244384765625 626.644775390625 54.15118408203125 275.36083984375
0 844.4078369140625 530.3377075195312 32.75390625 44.355255126953125
3 74.28390502929688 285.6893615722656 26.889694213867188 45.52685546875
0 887.0501098632812 533.662353515625 19.974853515625 20.5885009765625
3 221.29098510742188 442.01593017578125 19.390762329101562 21.60858154296875
2 992.2928466796875 451.0492858886719 63.41424560546875 666.3128051757812
3 214.49359130859375 442.2660217285156 14.608047485351562 19.115234375
3 81.14678955078125 286.26824951171875 14.023391723632812 44.140045166015625
