2 27.71294593811035 572.2388916015625 53.64230728149414 233.00491333007812
3 123.0815200805664 262.3275451660156 23.284378051757812 92.28309631347656
0 733.8101196289062 511.7916259765625 62.209228515625 74.8570556640625
0 807.049560546875 520.3800048828125 51.3468017578125 68.30691528320312
2 253.04489135742188 537.8395385742188 48.25459289550781 174.57089233398438
2 403.53717041015625 518.7921142578125 23.988372802734375 101.15432739257812
2 157.5631866455078 514.8856201171875 22.242431640625 140.24725341796875
0 595.7855224609375 629.1668701171875 275.8153381347656 423.9712829589844
0 462.19744873046875 510.13623046875 62.982635498046875 70.03451538085938
1 252.9131622314453 589.6660766601562 38.345367431640625 117.8756103515625
