2 944.2966918945312 352.5126037597656 34.5855712890625 130.46484375
2 157.0122833251953 354.7201232910156 29.740478515625 89.11248779296875
0 115.89238739013672 571.7960205078125 231.78477478027344 362.79620361328125
2 889.9461059570312 329.68560791015625 25.0758056640625 81.07510375976562
0 39.37221145629883 341.6085205078125 78.74442291259766 63.87286376953125
2 863.8458251953125 327.54425048828125 26.9954833984375 87.21231079101562
2 79.86962890625 360.4562072753906 31.131668090820312 60.54669189453125
3 683.5872802734375 52.36274719238281 16.64569091796875 60.12739562988281
3 709.400146484375 51.588844299316406 23.92938232421875 63.96842956542969
2 280.9976806640625 327.0223083496094 13.204681396484375 53.37646484375
0 541.1415405273438 437.59124755859375 155.50198364257812 243.34451293945312
0 370.9305419921875 369.9444885253906 132.15878295898438 88.7257080078125
3 379.18243408203125 140.13153076171875 13.257720947265625 43.70176696777344
3 715.857177734375 49.344539642333984 50.24395751953125 70.28795623779297
0 512.0 866.5018310546875 1024.0 314.99639892578125
3 369.89935302734375 139.8000030517578 23.992095947265625 45.63506317138672
3 351.13629150390625 138.55584716796875 15.67254638671875 42.525726318359375
3 730.2918090820312 49.38641357421875 22.182373046875 61.5810546875
3 375.7147216796875 140.4494171142578 19.827239990234375 44.59343719482422
0 544.1365356445312 751.3841552734375 152.5455322265625 83.53765869140625
