2 153.2167510986328 507.367919921875 37.48309326171875 147.3876953125
0 753.9373168945312 550.1561279296875 81.3033447265625 71.67950439453125
0 709.1395263671875 539.6071166992188 63.0054931640625 64.60202026367188
0 673.328369140625 536.9151611328125 43.35992431640625 53.54901123046875
2 591.328125 428.2416076660156 30.05877685546875 40.48809814453125
0 152.7471160888672 477.23675537109375 121.9418716430664 84.03518676757812
3 313.44140625 265.94805908203125 15.2060546875 63.783294677734375
0 823.5069580078125 555.8385009765625 92.78631591796875 101.64862060546875
0 462.3189697265625 512.2214965820312 35.171783447265625 40.208404541015625
0 48.52705383300781 471.5812683105469 97.05410766601562 107.33197021484375
2 557.353759765625 412.5062561035156 28.07244873046875 59.3704833984375
3 915.6021728515625 234.3513946533203 18.41424560546875 66.44082641601562
