3 322.04833984375 181.30624389648438 26.477142333984375 96.82060241699219
3 490.68695068359375 191.8217315673828 24.301055908203125 91.62713623046875
3 799.3968505859375 247.5347137451172 24.27777099609375 94.53115844726562
0 129.95729064941406 578.9588012695312 46.30901336669922 38.923583984375
0 452.3609313964844 603.2215576171875 49.4169921875 30.67138671875
3 15.18844985961914 467.32977294921875 14.980613708496094 31.254486083984375
0 594.443603515625 627.2884521484375 53.36956787109375 50.89569091796875
3 882.3220825195312 544.4681396484375 32.1123046875 37.91259765625
0 258.86590576171875 609.4635009765625 52.79423522949219 48.8714599609375
3 887.6044921875 544.403564453125 20.96307373046875 35.91363525390625
3 888.583251953125 453.90576171875 21.36273193359375 58.81707763671875
0 310.4415588378906 597.1444091796875 32.0855712890625 40.39739990234375
0 567.589111328125 617.02783203125 44.40936279296875 51.87890625
3 356.6626281738281 510.0084228515625 21.2552490234375 15.641387939453125
3 30.939987182617188 373.1951904296875 24.460052490234375 65.48468017578125
