2 807.645751953125 610.6505126953125 74.39691162109375 280.9398498535156
2 987.4771728515625 664.1778564453125 73.04571533203125 396.84405517578125
0 854.6802978515625 549.1409912109375 261.56719970703125 202.00588989257812
3 320.1531982421875 89.86608123779297 24.99713134765625 78.54728698730469
0 547.1553955078125 614.155517578125 307.7129821777344 404.30352783203125
0 105.69551086425781 490.3671875 54.60332489013672 62.5433349609375
3 340.170654296875 86.99409484863281 28.987701416015625 82.60333251953125
3 344.7272033691406 86.86882781982422 19.8521728515625 80.21119689941406
3 326.8653564453125 88.31998443603516 38.092376708984375 82.14942932128906
0 16.5649356842041 498.17938232421875 33.1298713684082 99.22604370117188
0 148.14080810546875 482.00860595703125 49.81480407714844 61.9351806640625
0 223.84109497070312 497.005859375 109.85072326660156 132.1497802734375
2 770.9446411132812 446.10797119140625 22.375244140625 80.41592407226562
