0 458.4755859375 721.1399536132812 314.4007263183594 411.544921875
0 222.36160278320312 606.5587768554688 184.0102081298828 96.1005859375
3 957.5721435546875 153.9394073486328 37.47479248046875 127.29336547851562
0 842.0404052734375 705.1970825195312 363.39923095703125 376.692626953125
3 11.400508880615234 291.2633361816406 22.80101776123047 80.35176086425781
0 634.8953247070312 556.2386474609375 77.026123046875 43.06610107421875
3 253.19207763671875 407.8921203613281 16.97662353515625 52.192138671875
0 38.71376419067383 756.9847412109375 77.42752838134766 349.44573974609375
3 514.1052856445312 403.95355224609375 10.1568603515625 43.405670166015625
0 512.3106689453125 972.009521484375 1023.3786010742188 103.98101806640625
0 38.77155685424805 794.38330078125 77.5431137084961 243.95245361328125
2 246.5704345703125 564.0516967773438 32.23399353027344 31.306640625
