2 573.3490600585938 315.9950866699219 32.39453125 109.697998046875
1 573.08642578125 353.85772705078125 30.1832275390625 78.2841796875
0 511.9197082519531 860.802978515625 1023.7171020507812 326.39404296875
0 178.05593872070312 388.0624084472656 59.26115417480469 61.32049560546875
0 938.2133178710938 286.56475830078125 104.951171875 124.82647705078125
0 286.3780212402344 362.1871643066406 42.384765625 37.4794921875
0 45.960262298583984 417.81298828125 91.83878326416016 117.15353393554688
0 998.4739990234375 306.1381530761719 51.05194091796875 229.4464874267578
2 521.8772583007812 326.2267761230469 19.109375 80.485595703125
0 114.30232238769531 395.6966552734375 75.35321044921875 90.72256469726562
0 242.20774841308594 367.1612854003906 29.333709716796875 30.48382568359375
0 417.4117431640625 340.0162658691406 30.962005615234375 45.54766845703125
3 393.23565673828125 262.9010314941406 7.813812255859375 17.92559814453125
