2 856.6156005859375 546.7808837890625 42.02972412109375 178.6534423828125
2 393.829345703125 566.7919311523438 37.63360595703125 128.03421020507812
2 761.1265869140625 537.8442993164062 48.0625 175.2491455078125
3 569.6728515625 408.04962158203125 21.28912353515625 45.301361083984375
2 633.1362915039062 544.2281494140625 35.82080078125 112.4625244140625
3 570.610107421875 409.6590576171875 16.42694091796875 38.956878662109375
3 572.515625 406.7955322265625 28.17169189453125 51.768463134765625
3 551.802734375 284.35333251953125 31.8128662109375 64.84950256347656
3 552.787353515625 277.62896728515625 28.20721435546875 50.98847961425781
2 248.26104736328125 534.9049072265625 11.352157592773438 35.67156982421875
2 599.900634765625 541.670166015625 37.05877685546875 114.76116943359375
