2 753.1341552734375 511.54534912109375 21.06475830078125 71.09805297851562
3 581.2208251953125 355.69189453125 17.19000244140625 33.1083984375
0 889.134765625 550.0382080078125 191.20294189453125 173.58828735351562
2 731.4656372070312 502.9872131347656 17.9339599609375 56.68585205078125
0 614.73681640625 501.4327087402344 43.04376220703125 40.76483154296875
0 396.2494201660156 491.81378173828125 47.95574951171875 64.85586547851562
2 658.845458984375 502.8532409667969 15.63653564453125 51.02435302734375
0 981.3973388671875 545.6731567382812 85.20526123046875 346.301513671875
3 673.10498046875 440.75714111328125 11.53546142578125 22.410552978515625
2 637.3333740234375 499.09619140625 11.75311279296875 49.9466552734375
0 109.7900619506836 521.1775512695312 176.9582977294922 168.76541137695312
