0 739.5671997070312 424.27508544921875 160.589111328125 138.53054809570312
3 838.2490234375 220.7120361328125 14.2484130859375 53.03515625
0 376.579833984375 413.475830078125 19.43878173828125 38.86248779296875
0 508.81884765625 420.10888671875 53.274627685546875 100.89071655273438
3 315.48236083984375 259.45343017578125 10.662322998046875 37.62062072753906
3 541.2130126953125 213.84152221679688 11.57843017578125 34.30000305175781
0 511.8865051269531 879.0576171875 1023.3626098632812 289.884765625
0 438.7718811035156 453.5457763671875 135.5135498046875 193.07888793945312
0 912.1920166015625 391.1905517578125 223.61590576171875 208.03012084960938
0 547.5191650390625 401.8671875 35.98175048828125 53.90301513671875
3 543.29296875 211.71795654296875 16.41668701171875 40.64970397949219
2 302.69635009765625 391.6336975097656 14.18634033203125 38.2750244140625
