3 1000.5525512695312 110.98955535888672 24.873779296875 63.47615051269531
3 585.435302734375 203.48719787597656 11.09613037109375 41.59173583984375
0 510.99444580078125 439.3011474609375 161.45840454101562 92.80783081054688
0 1012.363525390625 497.08245849609375 23.27301025390625 59.891204833984375
3 158.0351104736328 108.41018676757812 19.90716552734375 53.527992248535156
0 16.530216217041016 431.84661865234375 33.06043243408203 156.70565795898438
0 977.7168579101562 433.0975341796875 92.5662841796875 68.01760864257812
3 177.18902587890625 110.88287353515625 17.107864379882812 52.096290588378906
0 440.00164794921875 414.20556640625 41.190826416015625 43.80828857421875
3 178.14866638183594 279.1715393066406 14.9193115234375 41.85052490234375
