0 512.3812255859375 883.937744140625 1023.2376098632812 280.06402587890625
3 940.7498168945312 81.6178207397461 61.558837890625 115.76289367675781
3 804.9463500976562 169.50027465820312 28.169677734375 92.64387512207031
0 50.01756286621094 480.7777404785156 33.814056396484375 53.6839599609375
0 394.0462646484375 416.5001220703125 46.25042724609375 49.016387939453125
0 448.84881591796875 414.4095764160156 69.61306762695312 68.2008056640625
0 193.7002410888672 503.880859375 268.6182556152344 394.0735778808594
2 489.56634521484375 386.07537841796875 14.163848876953125 44.273834228515625
3 184.94451904296875 209.3859405517578 18.293075561523438 66.93927001953125
3 795.7172241210938 191.53797912597656 16.2568359375 50.424285888671875
