2 283.99688720703125 866.6177978515625 24.047271728515625 89.9215087890625
3 848.971923828125 462.6999206542969 20.89080810546875 71.0693359375
0 684.195068359375 849.5071411132812 57.77178955078125 58.955810546875
3 311.8990783691406 353.2176818847656 25.3004150390625 112.85723876953125
3 336.9020080566406 367.11883544921875 30.65557861328125 100.72650146484375
2 941.1705322265625 837.9927978515625 21.806640625 65.92974853515625
3 508.39697265625 769.6204223632812 11.160003662109375 19.3560791015625
3 325.954345703125 357.6763000488281 53.063873291015625 120.8480224609375
2 372.21270751953125 846.446044921875 15.590728759765625 52.62969970703125
2 336.98345947265625 842.5681762695312 13.086822509765625 35.037109375
1 594.3780517578125 850.7566528320312 20.79248046875 29.359619140625
2 885.9610595703125 852.1078491210938 33.34942626953125 95.970703125
