0 401.28961181640625 523.8558349609375 72.9853515625 89.96795654296875
2 982.4462890625 608.1458740234375 43.42169189453125 172.92303466796875
3 308.6280517578125 43.808292388916016 17.58380126953125 78.49359893798828
2 131.99203491210938 502.4007873535156 35.72627258300781 152.31365966796875
3 986.8116455078125 17.6585693359375 57.8880615234375 35.317138671875
2 302.88330078125 496.1935729980469 19.23944091796875 57.15277099609375
2 276.6653137207031 498.1827392578125 18.50689697265625 60.229888916015625
2 427.7757873535156 484.41717529296875 16.7083740234375 47.224212646484375
1 1012.4407958984375 666.7850341796875 23.11846923828125 114.68011474609375
3 978.4011840820312 16.229406356811523 41.0621337890625 32.45881271362305
0 499.2447509765625 500.165283203125 17.788299560546875 27.6650390625
0 524.8160400390625 511.80108642578125 34.2662353515625 31.732421875
1 877.5575561523438 622.6839599609375 117.986328125 121.00836181640625
2 399.72503662109375 468.4125061035156 20.720306396484375 26.98846435546875
1 130.3562774658203 540.165771484375 35.7427978515625 86.9266357421875
1 121.64694213867188 538.2244262695312 54.15386199951172 91.3629150390625
