1 69.64334106445312 620.6107177734375 139.28668212890625 255.54550170898438
2 68.3896713256836 495.3547668457031 136.7793426513672 441.69024658203125
2 307.6197509765625 518.9353637695312 64.16268920898438 219.89151000976562
3 969.3406372070312 332.5826721191406 45.529296875 70.08074951171875
0 315.430419921875 518.4725341796875 93.66351318359375 117.60018920898438
2 694.4608154296875 584.7657470703125 64.56268310546875 208.0191650390625
2 1002.2396240234375 563.9339599609375 43.52069091796875 222.53378295898438
0 269.8020935058594 499.6937255859375 67.51445007324219 102.12918090820312
2 653.8606567382812 562.7950439453125 39.0394287109375 210.36624145507812
2 737.7738037109375 554.2559814453125 37.16668701171875 172.22589111328125
