0 449.34112548828125 770.701904296875 459.82373046875 506.33367919921875
3 234.3239288330078 53.72418212890625 55.654449462890625 107.4483642578125
3 559.3070068359375 312.75537109375 16.59466552734375 61.64569091796875
2 60.01312255859375 588.8369140625 22.091312408447266 100.46563720703125
0 297.12005615234375 607.2672119140625 89.39169311523438 126.24432373046875
3 838.1331787109375 444.9776611328125 16.33026123046875 57.694549560546875
2 226.8390350341797 585.3536987304688 16.629150390625 63.296875
3 108.59915161132812 436.21356201171875 15.299995422363281 54.041778564453125
0 983.901123046875 628.8740234375 80.19781494140625 169.0504150390625
3 465.0557861328125 459.5177001953125 8.926361083984375 39.927337646484375
3 189.31185913085938 504.5450439453125 13.573684692382812 23.881622314453125
3 732.734619140625 456.2953186035156 15.70355224609375 55.3892822265625
0 955.0765380859375 590.3526611328125 137.84698486328125 107.5843505859375
3 733.7498779296875 469.4786071777344 13.43572998046875 29.978515625
2 399.0566101074219 618.5281982421875 95.0146484375 91.98565673828125
