2 699.8892822265625 650.3551635742188 27.3753662109375 92.060546875
0 483.0924072265625 671.6692504882812 66.33181762695312 88.3275146484375
2 800.5115966796875 652.2135620117188 29.9107666015625 105.14453125
2 820.285888671875 640.635986328125 31.00531005859375 109.22955322265625
3 293.88238525390625 498.0023193359375 20.241119384765625 87.12283325195312
2 341.21722412109375 697.316162109375 26.650299072265625 107.7884521484375
3 412.3374938964844 526.9874267578125 12.275390625 37.37127685546875
2 371.68438720703125 696.973876953125 31.097198486328125 114.28204345703125
2 129.6734619140625 698.2530517578125 22.911361694335938 117.84588623046875
0 599.815673828125 594.1414794921875 23.20782470703125 19.95941162109375
2 316.8890380859375 696.01611328125 21.943695068359375 113.33233642578125
2 736.951171875 644.9228515625 22.8531494140625 69.52471923828125
3 744.8440551757812 477.62255859375 15.98046875 57.85955810546875
