0 81.35601806640625 700.792236328125 162.7120361328125 273.69378662109375
2 989.0271606445312 686.2325439453125 39.2496337890625 168.2344970703125
0 330.3607482910156 627.2691650390625 87.52020263671875 132.06854248046875
2 133.6680450439453 597.5218505859375 33.860572814941406 107.4149169921875
2 870.0133056640625 668.4988403320312 30.89373779296875 120.4193115234375
2 157.7635498046875 604.0950317382812 24.6839599609375 108.4267578125
2 834.3196411132812 662.6026611328125 26.6185302734375 142.13604736328125
3 925.7342529296875 502.57122802734375 30.08380126953125 45.902557373046875
0 965.3907470703125 664.7581176757812 115.96697998046875 104.94873046875
2 211.9568634033203 597.4420776367188 22.725006103515625 84.5751953125
2 1018.3466796875 700.6649169921875 11.306640625 140.34698486328125
2 235.3529052734375 593.103515625 19.079925537109375 74.2523193359375
0 383.767333984375 977.44091796875 767.0589599609375 93.1181640625
3 52.12743377685547 409.751220703125 17.807445526123047 65.41278076171875
3 519.7286376953125 436.4219970703125 9.77593994140625 32.882232666015625
2 805.3099365234375 644.7784423828125 20.01397705078125 83.3311767578125
2 32.15929412841797 554.8582153320312 28.3882999420166 39.989013671875
2 52.33540725708008 555.8515625 22.342491149902344 41.31365966796875
2 11.026875495910645 545.2684326171875 22.01157569885254 46.78759765625
