0 947.0291137695312 455.83843994140625 153.8773193359375 308.8912353515625
0 826.583984375 418.2470703125 199.36553955078125 194.7044677734375
0 440.8910217285156 404.18328857421875 50.5699462890625 70.86581420898438
2 537.8297119140625 387.5099182128906 20.76434326171875 65.42431640625
0 198.82119750976562 409.9414978027344 92.26515197753906 87.64141845703125
3 550.2959594726562 209.57345581054688 18.679443359375 41.79209899902344
0 495.26190185546875 390.1171875 38.353118896484375 42.283721923828125
0 247.18902587890625 403.9748229980469 34.76844787597656 44.83740234375
0 569.508544921875 392.3182067871094 52.71856689453125 69.44921875
2 403.5269775390625 388.67950439453125 8.083099365234375 26.152435302734375
2 412.06829833984375 399.36962890625 17.016998291015625 48.118804931640625
