2 991.9456787109375 494.43914794921875 55.16290283203125 186.59024047851562
0 452.3409423828125 579.181640625 103.60293579101562 148.7314453125
3 454.09344482421875 139.54153442382812 41.131622314453125 91.26172637939453
2 728.4105224609375 506.3486328125 37.54864501953125 124.3382568359375
2 591.2034912109375 507.54833984375 20.08551025390625 69.2744140625
2 71.47233581542969 595.5283813476562 16.36282730102539 53.5989990234375
0 26.77176284790039 608.421875 53.54106903076172 96.92010498046875
0 287.22955322265625 551.5501708984375 46.015533447265625 55.4794921875
3 449.4710998535156 405.07952880859375 13.2054443359375 30.706329345703125
2 673.323974609375 492.35357666015625 23.96270751953125 69.73123168945312
2 773.2080078125 481.28466796875 24.29022216796875 86.8089599609375
2 654.1941528320312 496.655029296875 20.605224609375 70.09530639648438
0 315.85980224609375 541.5151977539062 25.845245361328125 27.106689453125
3 451.5284118652344 405.71826171875 9.9921875 28.49432373046875
