3 60.5691032409668 97.788818359375 34.653221130371094 88.86051177978516
3 324.3082580566406 63.07024002075195 22.61700439453125 95.26226043701172
0 859.8089599609375 543.911376953125 42.51409912109375 31.05523681640625
0 949.2382202148438 520.6505126953125 20.81640625 23.81365966796875
0 554.6524658203125 579.7119750976562 60.57147216796875 62.3089599609375
3 172.65139770507812 10.828241348266602 21.800048828125 21.656482696533203
0 438.08251953125 576.263671875 58.6763916015625 34.75177001953125
3 864.1051025390625 333.2767639160156 13.05389404296875 48.9471435546875
0 501.1107482910156 574.1636962890625 56.35662841796875 51.32403564453125
3 883.2850341796875 329.5181884765625 15.35980224609375 53.174163818359375
