0 311.0912780761719 551.358642578125 167.61231994628906 193.23675537109375
0 859.3262939453125 629.8316650390625 329.34735107421875 339.0771789550781
0 512.08837890625 928.69677734375 1023.8232421875 190.5787353515625
0 716.2761840820312 544.7184448242188 120.9674072265625 188.65133666992188
2 168.1044921875 524.9835815429688 37.192138671875 107.48629760742188
3 655.5282592773438 217.39599609375 30.71875 62.094635009765625
3 142.26693725585938 431.5838928222656 23.742568969726562 39.9832763671875
3 650.6414184570312 218.26768493652344 21.3551025390625 61.12353515625
3 136.9844970703125 433.5292053222656 15.893707275390625 37.71600341796875
0 418.8831787109375 509.56256103515625 28.477935791015625 88.14773559570312
3 675.1796875 216.89688110351562 22.2181396484375 57.65324401855469
3 423.8786315917969 338.71630859375 19.02685546875 34.30487060546875
