2 968.3516845703125 653.5299072265625 48.89471435546875 121.83746337890625
0 469.10943603515625 621.359130859375 185.5723876953125 266.41741943359375
1 294.1832580566406 542.8424072265625 28.1171875 68.22341918945312
0 696.66943359375 639.92822265625 118.8385009765625 139.22088623046875
0 965.2171630859375 825.5203857421875 117.56561279296875 363.32696533203125
0 51.29962158203125 488.55023193359375 102.5992431640625 205.56246948242188
2 295.7397766113281 510.0026550292969 29.90155029296875 102.72149658203125
3 354.8070983886719 345.7677001953125 20.82763671875 40.233367919921875
2 641.7767944335938 593.1632080078125 20.26953125 50.1748046875
0 807.29345703125 697.6856689453125 211.9595947265625 207.5999755859375
2 104.04839324951172 482.2326354980469 23.474014282226562 111.74359130859375
0 215.20187377929688 510.6444091796875 117.67207336425781 119.37747192382812
0 348.89996337890625 536.7913208007812 44.497772216796875 49.807403564453125
2 592.6768798828125 585.8694458007812 14.73065185546875 46.366943359375
3 348.87158203125 345.46478271484375 13.11370849609375 39.87738037109375
2 103.3754653930664 466.61346435546875 21.995895385742188 79.39572143554688
2 718.5218505859375 570.896728515625 15.46270751953125 23.4451904296875
1 934.287841796875 709.387939453125 43.38726806640625 70.16302490234375
2 157.21444702148438 510.54046630859375 27.873947143554688 70.56124877929688
