0 581.0994262695312 542.9578857421875 447.996826171875 292.93963623046875
2 825.8648681640625 539.4212646484375 88.1793212890625 424.6583251953125
2 716.795654296875 541.2070922851562 94.88153076171875 444.9665222167969
2 942.1546630859375 444.0277404785156 41.76153564453125 174.94647216796875
3 576.484619140625 89.02862548828125 21.54083251953125 93.58866119384766
0 512.0 902.7666015625 1024.0 242.46685791015625
3 40.46549606323242 238.8793487548828 29.59404945373535 55.038665771484375
2 339.63653564453125 498.6684265136719 24.48468017578125 85.11029052734375
2 358.2416076660156 497.72393798828125 23.4730224609375 88.55496215820312
0 935.4908447265625 464.7303771972656 176.42950439453125 96.18377685546875
3 589.87158203125 241.995361328125 25.69921875 48.39982604980469
2 273.934814453125 503.0443115234375 25.12060546875 95.6158447265625
2 293.2098693847656 499.85028076171875 19.1376953125 93.53317260742188
3 575.76416015625 252.37057495117188 55.8857421875 62.59278869628906
2 248.64773559570312 508.37237548828125 26.729843139648438 94.1875
3 563.6351318359375 252.52444458007812 32.94940185546875 54.37129211425781
0 731.731201171875 526.3018798828125 146.13250732421875 264.2269592285156
0 109.22340393066406 512.2523193359375 33.532859802246094 35.05450439453125
3 669.9444580078125 348.9403076171875 12.41802978515625 33.039154052734375
