3 427.13446044921875 36.89943313598633 35.979705810546875 73.79886627197266
0 268.32696533203125 533.7952880859375 47.600189208984375 48.8326416015625
0 38.95668411254883 561.3690795898438 55.224159240722656 43.97509765625
1 95.78076171875 571.8605346679688 55.406700134277344 93.248046875
2 97.38947296142578 540.1390380859375 42.965667724609375 118.63800048828125
0 512.0 919.7657470703125 1024.0 208.46844482421875
0 421.7067565917969 529.0255737304688 19.216796875 60.895477294921875
2 119.67875671386719 536.3094482421875 29.645042419433594 112.44610595703125
0 120.781005859375 545.5447387695312 96.46623992919922 81.5264892578125
3 145.85952758789062 351.6363220214844 16.296401977539062 39.81494140625
2 515.1698608398438 473.89471435546875 27.493194580078125 52.163299560546875
