3 352.2152404785156 242.565673828125 33.91046142578125 81.68487548828125
3 267.282958984375 239.78335571289062 22.39599609375 80.05610656738281
3 179.1675262451172 237.87136840820312 23.6767578125 82.989013671875
3 791.1170043945312 121.83843994140625 29.975830078125 117.7972412109375
3 875.6748046875 64.39200592041016 37.6168212890625 128.6555938720703
0 418.1513671875 531.38037109375 55.620269775390625 63.62481689453125
0 454.138916015625 535.1785888671875 25.587799072265625 42.3846435546875
3 710.1448364257812 420.47344970703125 10.3131103515625 23.98223876953125
0 497.25518798828125 527.553955078125 52.08935546875 60.809295654296875
3 433.7027587890625 257.79815673828125 18.739654541015625 74.11392211914062
