0 209.282958984375 587.1102294921875 77.38417053222656 39.35394287109375
3 746.930419921875 433.0765686035156 20.7255859375 36.08612060546875
3 671.7515869140625 437.72943115234375 13.2318115234375 33.977813720703125
0 948.8453369140625 625.533935546875 150.30926513671875 164.71600341796875
0 56.51813507080078 577.3741455078125 52.89859390258789 18.0421142578125
0 428.0212097167969 598.9151000976562 54.50115966796875 52.7532958984375
0 522.4957275390625 647.1599731445312 178.21328735351562 224.2193603515625
0 343.90509033203125 572.324951171875 33.71710205078125 24.20831298828125
3 205.07766723632812 397.18402099609375 28.921722412109375 49.053009033203125
3 290.53729248046875 399.48388671875 18.209869384765625 47.11004638671875
3 400.3480224609375 402.2252197265625 17.054168701171875 45.483123779296875
0 850.0760498046875 613.143310546875 89.05694580078125 97.75579833984375
3 488.86541748046875 450.2474670410156 15.549407958984375 34.54705810546875
3 625.5455322265625 439.75946044921875 12.57794189453125 32.586700439453125
3 456.7713928222656 404.73828125 16.21209716796875 44.87664794921875
3 134.7709197998047 394.79888916015625 17.364646911621094 48.475189208984375
3 542.1934814453125 445.8955078125 12.4677734375 34.617584228515625
3 78.23649597167969 438.4459228515625 9.733695983886719 16.046112060546875
0 857.8931884765625 564.5535888671875 60.3792724609375 24.13128662109375
0 4.226865291595459 585.9642944335938 8.453730583190918 28.56787109375
