3 667.4783325195312 543.9441528320312 19.921875 56.6470947265625
3 563.9100341796875 536.6910400390625 20.40972900390625 58.374420166015625
0 704.8372192382812 803.9421997070312 162.8740234375 107.8131103515625
3 378.50537109375 524.469482421875 20.54705810546875 59.4754638671875
0 585.0118408203125 785.5731201171875 63.81658935546875 46.19769287109375
3 452.93084716796875 529.27001953125 20.385833740234375 59.810394287109375
0 844.6976318359375 789.1800537109375 103.18499755859375 69.5633544921875
0 486.6515808105469 780.07275390625 51.22198486328125 51.0765380859375
0 351.42889404296875 798.1544189453125 86.06143188476562 100.1292724609375
3 118.69773864746094 640.962158203125 15.768608093261719 35.14862060546875
0 257.8280029296875 779.1309204101562 24.70794677734375 25.0478515625
3 271.2110595703125 621.701416015625 15.535858154296875 38.26690673828125
2 795.9007568359375 753.4845581054688 18.64520263671875 21.830078125
0 767.7506103515625 786.4552001953125 70.67578125 85.49041748046875
0 642.2890625 771.197509765625 22.94256591796875 26.98004150390625
3 403.8519287109375 523.6004028320312 32.203338623046875 33.748809814453125
0 443.6742248535156 775.4876708984375 18.89471435546875 22.03985595703125
2 608.454833984375 764.4417724609375 9.8505859375 17.0841064453125
3 504.771484375 701.2879638671875 28.055267333984375 37.86065673828125
2 700.639404296875 607.546142578125 31.43768310546875 60.68731689453125
