2 224.8480987548828 303.98760986328125 142.80111694335938 536.3270263671875
2 526.6502075195312 321.4454345703125 111.3255615234375 453.011474609375
0 157.07493591308594 432.3978576660156 73.41207885742188 50.97613525390625
1 531.7821655273438 450.809326171875 85.4473876953125 305.621826171875
2 477.3940124511719 435.09710693359375 16.89874267578125 53.8985595703125
4 612.6127319335938 461.6717834472656 10.54638671875 27.15386962890625
2 411.9996337890625 433.8346252441406 12.1865234375 36.69769287109375
0 4.194951057434082 398.0413818359375 8.389902114868164 16.4522705078125
2 465.1585693359375 437.27996826171875 9.810546875 28.2733154296875
0 104.13784790039062 423.1373596191406 26.749237060546875 16.200439453125
1 224.296875 444.3786926269531 198.6136474609375 387.08416748046875
