2 223.0235595703125 304.1129150390625 146.58599853515625 536.10498046875
2 531.578125 321.02801513671875 120.994873046875 451.7598876953125
0 156.65103149414062 432.41387939453125 73.481689453125 51.0997314453125
4 612.345458984375 461.4962158203125 10.4736328125 26.455810546875
1 530.9314575195312 450.45526123046875 87.2099609375 306.251220703125
2 477.494873046875 433.3062744140625 17.0765380859375 57.8642578125
4 289.36956787109375 453.290283203125 8.0767822265625 19.277587890625
2 411.74920654296875 433.47235107421875 11.37890625 36.239501953125
4 569.5455322265625 460.094970703125 13.846435546875 34.485107421875
1 224.3885955810547 443.8458251953125 198.75466918945312 388.59716796875
2 465.2830505371094 437.56036376953125 9.4049072265625 27.8270263671875
4 289.92657470703125 450.7098388671875 9.0098876953125 23.81268310546875
0 103.8353271484375 423.330810546875 26.58251953125 16.6007080078125
