2 223.833740234375 304.1432800292969 145.69354248046875 536.2090454101562
2 524.5199584960938 320.8697204589844 106.728271484375 451.50128173828125
4 612.38037109375 461.5862731933594 11.28076171875 26.92218017578125
0 158.04855346679688 432.3482971191406 75.28820037841797 51.042236328125
1 531.0896606445312 450.1634521484375 86.75537109375 306.26171875
2 477.36016845703125 434.2001953125 17.57769775390625 55.388916015625
4 289.52252197265625 454.0090026855469 8.5362548828125 18.763427734375
2 412.291015625 433.600341796875 12.4495849609375 36.5706787109375
1 224.226806640625 443.4453430175781 199.022216796875 388.98419189453125
2 465.10174560546875 437.897705078125 9.287353515625 27.5250244140625
0 103.68585205078125 423.46527099609375 26.89569091796875 16.7484130859375
0 142.92446899414062 432.2802734375 44.927215576171875 50.8232421875
4 569.4559326171875 456.78729248046875 14.0224609375 41.06719970703125
