0 455.9877014160156 693.89306640625 53.5150146484375 63.91082763671875
0 631.213134765625 707.138671875 104.7655029296875 99.41632080078125
0 581.1280517578125 681.9771728515625 31.4320068359375 39.20196533203125
0 412.1742248535156 705.8841552734375 62.14276123046875 89.30926513671875
0 765.309326171875 674.48974609375 95.48297119140625 60.501953125
3 605.61083984375 556.7049560546875 10.0621337890625 28.82635498046875
3 548.7633056640625 560.896484375 10.5576171875 27.86053466796875
3 704.5528564453125 620.0455322265625 9.8746337890625 21.41473388671875
0 512.4451293945312 680.37646484375 48.651580810546875 43.33966064453125
3 823.84521484375 592.515380859375 16.6177978515625 33.70355224609375
0 426.38555908203125 705.0308837890625 32.728515625 85.7562255859375
0 552.590576171875 677.4661254882812 16.96136474609375 23.436767578125
3 711.8824462890625 538.65625 17.14947509765625 40.56317138671875
3 749.238037109375 585.2880859375 22.11090087890625 35.5067138671875
0 209.68528747558594 680.4288330078125 419.3705749511719 524.4185791015625
