3 585.8209228515625 285.203125 50.3929443359375 131.27215576171875
0 352.53680419921875 714.2578125 294.7605895996094 302.08111572265625
0 50.1621208190918 606.1241455078125 100.3242416381836 120.21270751953125
3 97.46674346923828 465.88330078125 20.175399780273438 47.938873291015625
3 663.3421020507812 363.1199645996094 41.3726806640625 75.365234375
0 791.4772338867188 613.1111450195312 162.470703125 71.9508056640625
0 511.0592346191406 970.9449462890625 1022.1184692382812 105.93048095703125
3 562.2473754882812 407.08380126953125 28.190673828125 85.1826171875
3 499.8959045410156 488.828369140625 21.1865234375 47.2821044921875
0 210.35397338867188 599.816162109375 127.15287780761719 119.4647216796875
0 696.5433349609375 589.6060791015625 67.46209716796875 47.0579833984375
3 541.6485595703125 388.0155334472656 18.86798095703125 42.7071533203125
