0 176.1470947265625 545.7803955078125 352.294189453125 317.3453063964844
2 688.188232421875 522.4226684570312 137.63702392578125 267.3632507324219
2 660.9734497070312 519.8416137695312 86.394775390625 256.9318542480469
2 570.29931640625 490.9557800292969 17.75390625 48.66876220703125
1 569.876953125 504.79443359375 17.92889404296875 33.748260498046875
1 685.7156372070312 634.0418090820312 138.4791259765625 253.97305297851562
0 799.3670654296875 1003.3826293945312 449.26593017578125 41.2347412109375
2 446.21173095703125 481.84893798828125 21.79119873046875 49.54608154296875
1 440.89971923828125 494.2589416503906 24.078033447265625 43.29571533203125
2 381.0225830078125 479.7420654296875 24.906280517578125 67.14511108398438
1 477.34765625 501.71014404296875 25.73651123046875 46.296966552734375
1 639.2193603515625 575.7989501953125 42.91766357421875 136.10720825195312
