2 115.38847351074219 444.7366943359375 44.06108856201172 164.44003295898438
2 372.2025451660156 465.817626953125 57.17462158203125 212.02914428710938
0 242.8597412109375 415.9273986816406 74.07218933105469 62.8443603515625
2 342.6312561035156 444.34979248046875 31.3321533203125 140.86373901367188
1 369.553955078125 542.31298828125 57.15203857421875 159.0784912109375
0 28.205942153930664 495.109375 56.41188430786133 250.61618041992188
2 49.31501770019531 435.921875 44.66920471191406 146.50625610351562
0 436.55230712890625 426.6884765625 79.89541625976562 72.25448608398438
0 527.2307739257812 414.33465576171875 90.654296875 87.30783081054688
0 901.9071044921875 424.1769714355469 161.62774658203125 99.932373046875
0 760.40380859375 408.711181640625 127.2503662109375 89.06719970703125
0 1003.5084228515625 413.8563232421875 40.98309326171875 64.47793579101562
3 567.56494140625 231.49020385742188 21.51190185546875 78.38984680175781
0 635.0380859375 433.58966064453125 163.90594482421875 82.25039672851562
0 69.5782470703125 398.49835205078125 46.27787399291992 48.41033935546875
3 431.5980529785156 350.0013427734375 10.599609375 26.84796142578125
2 132.1365203857422 397.56982421875 8.723930358886719 30.48516845703125
