3 126.42628479003906 258.0627136230469 25.541969299316406 77.24955749511719
2 101.8941650390625 519.2379150390625 42.511817932128906 117.78915405273438
3 255.41897583007812 287.5001525878906 20.225540161132812 60.2261962890625
3 879.5516357421875 386.6578369140625 14.12835693359375 39.478973388671875
2 948.114501953125 501.0533142089844 30.31683349609375 71.19940185546875
2 121.8828353881836 522.4317626953125 29.914596557617188 114.55303955078125
2 292.42608642578125 505.8680114746094 25.815826416015625 63.11981201171875
2 270.8580627441406 511.85467529296875 16.91046142578125 52.449188232421875
0 778.8309326171875 500.68408203125 50.93890380859375 46.2509765625
3 559.16015625 411.1221923828125 11.3564453125 31.6009521484375
2 808.9368286132812 509.7103576660156 17.4202880859375 56.26580810546875
0 860.5257568359375 506.3651123046875 92.34136962890625 72.86972045898438
0 41.86418914794922 545.6458740234375 83.72837829589844 234.95782470703125
0 912.3353881835938 504.52496337890625 31.09375 48.1729736328125
2 660.7009887695312 504.923828125 25.1103515625 75.173828125
2 659.584228515625 520.7396850585938 22.7835693359375 42.644989013671875
4 207.31683349609375 527.7090454101562 13.742813110351562 30.1495361328125
1 720.0349731445312 507.5528259277344 19.761962890625 29.94061279296875
3 356.7626037597656 396.671875 12.88006591796875 33.223114013671875
3 150.80059814453125 266.0882263183594 26.605499267578125 56.49198913574219
3 280.27825927734375 298.75421142578125 19.613311767578125 31.55291748046875
