0 321.8927307128906 724.02978515625 131.5635986328125 123.43438720703125
3 567.0552978515625 473.4633483886719 16.0316162109375 46.5302734375
0 644.4454345703125 654.0115356445312 35.1119384765625 21.386962890625
0 979.5809326171875 659.4122924804688 88.83819580078125 96.3515625
3 530.88134765625 488.15484619140625 24.7564697265625 39.0244140625
0 777.66796875 650.9332275390625 47.68231201171875 36.27911376953125
0 8.01059341430664 689.831298828125 16.02118682861328 38.19293212890625
3 337.9643249511719 606.9247436523438 15.131103515625 21.140625
3 460.0492248535156 514.0106811523438 17.6265869140625 43.478240966796875
0 740.9612426757812 654.4646606445312 36.42578125 39.213134765625
3 466.07208251953125 520.7640380859375 10.46173095703125 30.27410888671875
3 463.82159423828125 520.8015747070312 14.2177734375 30.725982666015625
3 588.3015747070312 467.01153564453125 25.0572509765625 32.60662841796875
