2 288.10546875 352.62725830078125 323.0159912109375 385.7342529296875
2 47.833534240722656 374.2010498046875 95.66584777832031 180.74273681640625
0 202.72836303710938 379.72998046875 103.3616943359375 129.6978759765625
0 292.7994689941406 395.5242004394531 281.81005859375 101.02166748046875
1 300.7491455078125 419.11163330078125 199.37245178222656 284.043212890625
0 611.8714599609375 387.829833984375 56.257080078125 81.6142578125
1 303.42138671875 416.5039978027344 99.79649353027344 289.85565185546875
0 377.52899169921875 391.0995178222656 106.9852294921875 98.40594482421875
0 429.1169738769531 368.98114013671875 73.56512451171875 48.036376953125
1 275.61370849609375 407.4847412109375 287.405517578125 254.100830078125
0 298.6850891113281 370.6893310546875 292.5704345703125 146.4210205078125
0 593.6748657226562 379.66937255859375 69.7979736328125 53.8831787109375
