2 288.55596923828125 351.978271484375 324.026123046875 384.195068359375
2 47.69575119018555 374.383544921875 95.38883209228516 180.930419921875
0 203.25308227539062 378.83770751953125 102.04095458984375 132.366943359375
0 294.17578125 397.7776794433594 278.761962890625 99.12799072265625
1 292.6708984375 420.4480285644531 179.39691162109375 281.59698486328125
1 303.2825927734375 418.5447998046875 102.86341857910156 285.65185546875
0 611.8232421875 388.0208740234375 56.353515625 81.08978271484375
0 377.9530029296875 393.0941162109375 105.885986328125 93.3800048828125
0 428.88714599609375 369.0273742675781 74.282958984375 48.13189697265625
1 288.249755859375 407.8293762207031 236.02894592285156 251.97088623046875
