2 306.7489318847656 343.75775146484375 130.10626220703125 447.8233642578125
4 488.393310546875 308.0032958984375 48.8154296875 104.45921325683594
0 54.87363815307617 259.2714538574219 109.74727630615234 148.9908447265625
4 31.032325744628906 318.77838134765625 45.53126525878906 113.17919921875
1 312.54315185546875 457.0926513671875 193.75604248046875 318.926025390625
0 495.390380859375 99.79753112792969 160.0616455078125 107.76776123046875
2 613.0711059570312 113.03546142578125 48.457275390625 92.85659790039062
2 103.70072174072266 192.03363037109375 23.529678344726562 74.34100341796875
2 515.2445678710938 123.63491821289062 34.3828125 55.956146240234375
0 610.098876953125 123.37828063964844 59.80224609375 71.74069213867188
