2 306.71142578125 343.7784118652344 130.59983825683594 447.75579833984375
4 488.3822021484375 307.08953857421875 48.7725830078125 106.1248779296875
0 54.85816192626953 259.1317138671875 109.71632385253906 149.8082275390625
4 30.978675842285156 318.6469421386719 44.752655029296875 112.98638916015625
1 312.57574462890625 457.1134338378906 193.74176025390625 319.04962158203125
0 494.97149658203125 99.64915466308594 160.2933349609375 107.62100219726562
2 514.9649658203125 122.89768981933594 36.2799072265625 55.278472900390625
2 613.39404296875 112.78585815429688 48.7596435546875 92.72830200195312
0 610.874755859375 122.66378021240234 58.25048828125 71.91410827636719
2 103.73843383789062 192.12908935546875 23.047119140625 74.0289306640625
2 83.60678100585938 191.7554931640625 21.736404418945312 55.24755859375
