2 306.90374755859375 343.56964111328125 130.3076171875 447.4525146484375
4 488.4095153808594 308.158935546875 48.90008544921875 103.202880859375
0 54.88080978393555 258.8874206542969 109.7616195678711 148.94818115234375
4 31.0445556640625 318.5148620605469 45.00343322753906 113.05389404296875
1 312.6081848144531 457.007568359375 193.78533935546875 319.02978515625
0 495.5457763671875 99.78170776367188 160.494140625 107.7823486328125
2 612.9993896484375 113.02019500732422 47.9122314453125 92.96974182128906
2 103.59920501708984 191.57147216796875 23.222808837890625 73.8948974609375
2 515.0994873046875 123.68041229248047 34.061737060546875 55.39192199707031
0 526.9200439453125 102.10957336425781 223.88668823242188 112.95974731445312
0 610.7879638671875 123.22113037109375 58.424072265625 71.79840087890625
