0 617.301025390625 745.6649780273438 143.44354248046875 143.486328125
2 885.5359497070312 698.429931640625 33.8140869140625 110.38043212890625
2 824.6751098632812 701.0631103515625 25.011474609375 89.8662109375
0 417.28857421875 753.2809448242188 208.86630249023438 261.37744140625
0 161.82760620117188 721.7152099609375 110.83732604980469 112.12860107421875
0 538.1444091796875 715.0120849609375 58.7393798828125 68.43695068359375
2 6.827122688293457 727.547119140625 13.654245376586914 110.71466064453125
0 253.69297790527344 721.6611328125 74.51016235351562 66.43865966796875
0 313.55242919921875 708.25732421875 43.184234619140625 46.8095703125
0 134.12648010253906 721.1005859375 166.4019012451172 112.67169189453125
2 902.6275634765625 706.11279296875 23.56072998046875 115.4622802734375
3 747.578369140625 638.6201171875 14.98046875 24.68572998046875
