2 129.8627471923828 375.7281494140625 80.42205810546875 308.933837890625
2 265.5861511230469 408.89715576171875 73.01904296875 250.76513671875
2 193.07125854492188 394.208984375 64.818603515625 208.92742919921875
1 263.62420654296875 476.6932678222656 74.15826416015625 187.11480712890625
2 509.3431396484375 476.44268798828125 24.78564453125 84.14501953125
1 192.2156219482422 459.2193603515625 60.364166259765625 160.0772705078125
3 31.60165023803711 323.11212158203125 11.891212463378906 31.3240966796875
2 356.06854248046875 452.9622802734375 14.25604248046875 59.3404541015625
1 125.40254974365234 461.64520263671875 70.72810363769531 212.99365234375
2 364.14898681640625 453.39447021484375 17.54937744140625 60.28271484375
3 65.96852111816406 333.59759521484375 10.121627807617188 32.0802001953125
4 85.14085388183594 418.81622314453125 14.989166259765625 26.73779296875
2 223.06333923339844 423.44610595703125 11.20855712890625 39.5631103515625
4 88.69572448730469 408.066162109375 22.56268310546875 49.36083984375
2 236.35629272460938 431.81964111328125 11.36944580078125 35.8101806640625
2 359.4761962890625 453.0577697753906 19.3404541015625 60.38140869140625
