2 129.80035400390625 375.36370849609375 80.49370574951172 308.2152099609375
2 265.7008056640625 409.0255126953125 72.9453125 250.957763671875
2 192.99481201171875 395.07379150390625 64.7330322265625 210.7237548828125
1 263.4173889160156 476.8524169921875 73.87921142578125 186.90087890625
2 509.4075927734375 476.2303771972656 24.7099609375 83.88006591796875
1 193.25186157226562 459.5157775878906 61.01751708984375 159.54925537109375
3 31.640596389770508 322.943603515625 12.319507598876953 31.6151123046875
2 355.9292297363281 453.09521484375 14.47796630859375 59.0408935546875
2 364.0425720214844 453.54150390625 17.54779052734375 60.449462890625
3 66.25057220458984 333.31231689453125 9.73126220703125 30.3739013671875
1 125.02711486816406 461.54681396484375 69.74337768554688 213.0074462890625
4 85.15953063964844 420.2313537597656 15.396270751953125 23.66741943359375
4 88.68977355957031 407.4559631347656 22.885482788085938 50.4793701171875
2 359.92425537109375 453.2679443359375 19.84716796875 60.0601806640625
2 223.22401428222656 423.71112060546875 11.4754638671875 38.99896240234375
