2 129.80567932128906 375.69476318359375 80.35150146484375 308.9783935546875
2 193.032958984375 394.17340087890625 64.72064208984375 208.861083984375
2 265.62261962890625 409.0487365722656 73.04136657714844 251.01531982421875
1 263.613037109375 476.70574951171875 74.1900634765625 187.0723876953125
2 509.27642822265625 476.4556884765625 25.0645751953125 83.8065185546875
1 192.23104858398438 459.29705810546875 60.33380126953125 159.9481201171875
3 31.59280776977539 323.0396728515625 11.884239196777344 31.5145263671875
2 356.0915832519531 452.85430908203125 14.37786865234375 59.3211669921875
1 125.37255859375 461.5447082519531 70.49212646484375 213.13922119140625
2 363.89276123046875 453.53558349609375 17.989990234375 60.6822509765625
3 65.9940414428711 333.53759765625 9.70635986328125 31.84033203125
4 85.29595184326172 419.00006103515625 15.356201171875 26.28265380859375
2 223.22373962402344 423.49005126953125 10.9964599609375 39.5179443359375
2 360.58428955078125 452.97674560546875 21.0472412109375 60.6573486328125
4 88.82109069824219 407.48626708984375 22.79010009765625 50.3172607421875
2 236.4083709716797 431.9543151855469 11.56146240234375 36.8001708984375
