0 592.1912841796875 659.366455078125 98.7266845703125 112.85894775390625
0 499.1429748535156 561.7150268554688 32.45391845703125 33.56640625
2 730.1751708984375 595.3306884765625 17.96112060546875 60.2943115234375
2 149.88743591308594 608.5064697265625 17.995849609375 61.45782470703125
0 83.27513122558594 567.8417358398438 63.78779220581055 31.72265625
2 234.38653564453125 591.6771240234375 13.426620483398438 42.87030029296875
0 24.194889068603516 575.4139404296875 48.38977813720703 39.40802001953125
3 468.939453125 504.6709899902344 9.74920654296875 13.13671875
2 201.65330505371094 601.8864135742188 18.3427734375 37.814453125
2 236.00100708007812 582.5490112304688 17.608200073242188 61.7861328125
0 44.98536682128906 570.4998168945312 52.72844314575195 31.986083984375
2 455.05010986328125 541.9083862304688 6.220611572265625 15.45947265625
0 36.10017013549805 572.6401977539062 71.56172943115234 35.7540283203125
