0 723.2377319335938 785.48486328125 601.47607421875 476.7744140625
2 264.3512878417969 600.7701416015625 47.01417541503906 176.6439208984375
0 1004.2679443359375 618.3072509765625 39.46405029296875 148.9615478515625
2 245.5487060546875 569.70849609375 23.78900146484375 117.41827392578125
4 983.0103759765625 592.2123413085938 10.47869873046875 32.5927734375
2 353.85101318359375 533.4276123046875 11.563568115234375 27.78387451171875
4 953.1002197265625 591.9822387695312 12.24530029296875 34.1103515625
0 551.58740234375 538.3568725585938 27.19158935546875 28.15625
0 696.9495849609375 540.5317993164062 97.09844970703125 30.1307373046875
0 469.0726318359375 651.654541015625 123.24594116210938 204.32269287109375
