0 146.071533203125 927.1669921875 292.02655029296875 193.59454345703125
0 348.4730529785156 879.6693115234375 89.18426513671875 37.08746337890625
3 352.4741516113281 800.387451171875 24.47039794921875 43.52203369140625
0 844.5328369140625 896.4421997070312 128.69158935546875 97.692626953125
0 450.4677734375 889.7093505859375 78.85995483398438 78.05743408203125
3 476.38720703125 675.0203857421875 22.76934814453125 43.37664794921875
0 576.1024169921875 896.98291015625 132.62478637695312 165.50390625
0 494.4921875 873.75244140625 37.0654296875 42.7340087890625
3 684.810302734375 756.5841674804688 9.38568115234375 23.55224609375
3 895.5541381835938 787.6357421875 13.337890625 30.2904052734375
3 909.5880126953125 788.6676025390625 14.1527099609375 31.4761962890625
0 676.3648681640625 869.6241455078125 42.9661865234375 40.19921875
0 723.6845703125 868.3424072265625 41.73260498046875 39.34100341796875
3 469.47772216796875 810.0569458007812 12.936614990234375 20.553466796875
3 437.0979919433594 683.34765625 18.912109375 45.33447265625
3 1012.943115234375 693.4286499023438 22.11383056640625 47.09033203125
3 704.5333251953125 759.4622192382812 11.16796875 24.395751953125
3 861.22900390625 786.5657958984375 9.53985595703125 34.33123779296875
3 756.1328125 824.7769775390625 13.9906005859375 21.0250244140625
