0 832.8233642578125 786.922119140625 346.60821533203125 229.35296630859375
0 349.7174377441406 706.0286865234375 71.00341796875 63.5546875
0 619.6966552734375 718.7964477539062 112.7684326171875 109.13720703125
0 515.70166015625 687.0770874023438 50.930267333984375 32.0810546875
3 218.08633422851562 546.0632934570312 12.98681640625 35.224365234375
1 221.5688018798828 705.37255859375 25.10791015625 33.8131103515625
0 557.3689575195312 703.8787841796875 64.287109375 84.18121337890625
0 457.20477294921875 728.5512084960938 84.36874389648438 73.08935546875
3 592.787353515625 601.901123046875 14.4791259765625 51.66937255859375
2 300.5294189453125 699.6865234375 15.552581787109375 35.5670166015625
2 214.16079711914062 701.9154052734375 11.899703979492188 38.93231201171875
3 354.63348388671875 608.9137573242188 9.595489501953125 18.87109375
2 223.7866973876953 696.81396484375 18.17535400390625 45.90411376953125
3 438.1283264160156 606.2972412109375 7.8155517578125 19.27618408203125
1 217.39364624023438 703.495361328125 18.050643920898438 36.90277099609375
0 455.9769592285156 688.1350708007812 74.27166748046875 28.55859375
3 131.27980041503906 548.342041015625 14.015327453613281 35.83209228515625
0 455.62188720703125 695.6265869140625 77.09530639648438 44.158203125
2 223.88015747070312 700.1292724609375 23.659088134765625 40.05621337890625
