0 257.64361572265625 672.082763671875 67.19979858398438 34.08245849609375
0 599.1776733398438 659.3450317382812 105.49267578125 98.163818359375
2 263.59783935546875 684.69482421875 31.815719604492188 65.45782470703125
3 170.34927368164062 606.4144287109375 19.801498413085938 48.85113525390625
0 926.6422119140625 579.795166015625 194.4078369140625 109.0577392578125
0 518.240234375 628.67724609375 36.77099609375 35.7305908203125
0 322.69024658203125 657.255859375 25.11279296875 25.14337158203125
3 643.7681884765625 527.216796875 19.61114501953125 37.198455810546875
3 697.1062622070312 523.7218017578125 11.7471923828125 20.7398681640625
3 681.919189453125 520.9847412109375 14.46014404296875 29.16876220703125
2 597.5211791992188 599.80615234375 9.5986328125 23.57403564453125
0 266.9894714355469 669.7469482421875 49.69502258300781 33.74652099609375
0 405.5217590332031 641.27734375 27.77239990234375 35.1041259765625
2 689.7771606445312 594.3411865234375 17.108154296875 63.68670654296875
0 338.311279296875 647.0968017578125 24.57550048828125 17.75506591796875
0 494.2186279296875 620.342529296875 26.535369873046875 20.69647216796875
2 630.332763671875 594.616455078125 12.06329345703125 31.88616943359375
3 682.4385986328125 525.009765625 13.61212158203125 21.78692626953125
0 357.32659912109375 645.53466796875 21.599212646484375 16.96173095703125
