0 928.036376953125 888.2503662109375 191.92730712890625 270.54217529296875
3 499.47320556640625 465.8182678222656 27.8970947265625 79.8614501953125
3 827.4951782226562 469.1055908203125 29.535888671875 77.85623168945312
3 666.7982788085938 466.135986328125 29.6884765625 80.08721923828125
0 678.11181640625 788.3199462890625 75.24609375 71.62371826171875
0 565.2105712890625 821.6837158203125 113.24871826171875 117.6282958984375
3 43.65013885498047 656.4556884765625 18.740467071533203 53.13446044921875
3 868.072265625 620.538330078125 23.6441650390625 55.67333984375
2 166.92831420898438 803.9183349609375 13.640731811523438 37.95294189453125
0 560.95751953125 753.1146240234375 51.6915283203125 26.29876708984375
