0 818.9287719726562 806.0230712890625 395.80419921875 435.95379638671875
3 774.92333984375 491.2201232910156 11.4718017578125 40.02813720703125
3 617.23876953125 511.31939697265625 9.9036865234375 29.260467529296875
3 339.408935546875 301.6080017089844 28.48858642578125 69.98681640625
0 945.0787353515625 616.3572387695312 71.6019287109375 56.8004150390625
0 377.0968933105469 639.7540283203125 37.645263671875 53.69293212890625
3 138.718505859375 257.50030517578125 34.22539520263672 85.75323486328125
2 97.47721099853516 669.243408203125 18.4632568359375 85.01092529296875
0 596.95166015625 624.801513671875 43.6956787109375 29.45916748046875
3 120.86741638183594 565.1953125 17.600196838378906 44.5484619140625
3 120.83999633789062 555.3524780273438 16.216529846191406 22.396484375
0 448.8013916015625 627.3468017578125 23.017974853515625 21.29571533203125
0 987.5946044921875 611.7654418945312 72.81072998046875 59.446533203125
2 432.71649169921875 626.7066650390625 16.997650146484375 28.88458251953125
2 114.56916809082031 673.1428833007812 15.49853515625 67.3974609375
2 811.346923828125 680.7352294921875 57.13165283203125 85.03070068359375
3 346.09375 306.310791015625 16.173431396484375 59.54693603515625
