0 110.77105712890625 632.6419067382812 221.5421142578125 126.705810546875
3 722.9885864257812 171.89682006835938 35.7247314453125 142.8295135498047
3 432.1407470703125 330.23516845703125 20.945709228515625 61.73419189453125
3 301.39007568359375 342.9984130859375 21.135345458984375 60.75054931640625
3 581.940673828125 434.78173828125 20.40484619140625 54.46270751953125
0 776.0343017578125 573.14306640625 174.7486572265625 76.04962158203125
3 886.2488403320312 259.22967529296875 49.49609375 150.45289611816406
3 914.475341796875 383.8099365234375 32.89984130859375 59.706756591796875
0 417.055419921875 614.679443359375 404.37109375 505.2135925292969
3 855.9026489257812 280.6527099609375 27.58203125 107.62396240234375
0 871.3609619140625 576.4920043945312 28.9351806640625 59.7757568359375
3 339.4318542480469 320.2434387207031 20.91748046875 28.79931640625
3 882.3404541015625 261.0664978027344 76.62774658203125 155.3431854248047
3 858.4827270507812 262.26300048828125 33.495361328125 150.24806213378906
