0 337.3678283691406 592.646484375 56.6844482421875 75.9703369140625
3 339.7010498046875 390.272705078125 15.824371337890625 44.129913330078125
3 456.4947204589844 392.35150146484375 19.56005859375 46.744232177734375
0 71.95101928710938 552.3221435546875 62.92669677734375 24.9713134765625
3 430.65386962890625 391.32904052734375 17.978607177734375 46.99945068359375
3 361.25225830078125 390.1937255859375 19.47833251953125 44.93560791015625
0 245.9732666015625 578.646484375 156.9108428955078 99.4876708984375
0 445.667724609375 628.42626953125 203.34066772460938 221.85809326171875
3 390.2833251953125 434.4754943847656 12.112152099609375 33.9635009765625
3 163.293701171875 498.92822265625 12.045608520507812 19.963470458984375
0 511.994384765625 902.9619140625 1023.98876953125 242.07623291015625
3 554.5780029296875 417.1968688964844 14.06658935546875 34.26348876953125
3 465.4786376953125 355.95697021484375 18.584075927734375 32.451934814453125
3 595.123291015625 507.0995788574219 15.40484619140625 35.44903564453125
