0 128.3665771484375 874.2261962890625 256.733154296875 299.33758544921875
0 558.5152587890625 792.4705810546875 107.89813232421875 130.35693359375
3 757.6187744140625 646.26220703125 23.10174560546875 56.65234375
0 302.3097229003906 821.1878662109375 167.40899658203125 146.094970703125
0 402.45135498046875 789.5834350585938 87.76290893554688 105.044921875
3 670.89599609375 544.73486328125 14.6627197265625 48.1878662109375
3 706.0667724609375 647.6661987304688 11.46307373046875 34.80615234375
3 485.8570556640625 616.7371826171875 13.134979248046875 35.19549560546875
3 703.5236206054688 687.81005859375 11.095703125 31.75567626953125
3 735.0570068359375 642.1648559570312 18.04925537109375 54.2679443359375
3 615.8621215820312 701.8809204101562 11.605224609375 27.47314453125
