0 786.5445556640625 707.0335693359375 126.39434814453125 118.04217529296875
0 512.9755859375 701.972412109375 94.70626831054688 151.98028564453125
3 260.4812316894531 477.19287109375 43.410400390625 79.50180053710938
0 636.8108520507812 664.181884765625 33.924072265625 37.5869140625
2 128.8546142578125 491.61273193359375 23.415977478027344 93.80508422851562
3 640.9083251953125 483.8492736816406 27.39044189453125 80.39776611328125
3 662.4285278320312 500.7699279785156 18.982421875 39.01971435546875
0 696.63916015625 683.2155151367188 76.83807373046875 99.6337890625
0 606.427490234375 653.3203735351562 49.33612060546875 35.345947265625
4 921.0142822265625 693.7801513671875 17.14923095703125 54.59161376953125
0 419.9740295410156 667.119873046875 55.1783447265625 52.95782470703125
3 260.07965087890625 501.90777587890625 45.819427490234375 129.5733642578125
3 660.6467895507812 489.59918212890625 21.927490234375 62.200103759765625
3 259.993408203125 544.703369140625 46.36102294921875 46.72735595703125
