3 962.4788818359375 58.82394027709961 53.39691162109375 117.5493392944336
3 451.5174560546875 372.7272033691406 17.124603271484375 67.95721435546875
0 392.75079345703125 674.185302734375 35.796417236328125 35.65289306640625
3 296.5086669921875 374.8636169433594 20.58941650390625 68.560302734375
0 81.26254272460938 695.274658203125 162.52508544921875 70.21319580078125
0 346.2034912109375 678.9112548828125 64.28573608398438 61.00225830078125
3 789.8085327148438 547.5811767578125 24.5546875 29.31524658203125
3 788.591064453125 547.8369140625 18.58514404296875 26.3692626953125
0 622.6620483398438 681.3834228515625 90.16015625 59.8787841796875
0 252.98248291015625 686.47998046875 126.22538757324219 96.001953125
0 513.1900634765625 661.84716796875 14.446685791015625 17.2308349609375
0 484.8775329589844 667.2595825195312 18.5341796875 19.206787109375
3 330.87225341796875 386.17913818359375 27.490020751953125 36.97088623046875
