3 542.2791137695312 523.6975708007812 14.7471923828125 41.969024658203125
3 472.31427001953125 519.4048461914062 25.02001953125 44.040435791015625
0 378.5133361816406 726.433349609375 24.18212890625 26.15899658203125
3 614.5367431640625 526.7536010742188 14.9359130859375 41.546478271484375
0 512.2448120117188 949.2587890625 1023.5103759765625 149.482421875
0 949.6957397460938 712.205810546875 124.3046875 57.08770751953125
0 799.56396484375 715.7261962890625 40.1494140625 31.01336669921875
0 416.85589599609375 729.2679443359375 14.821258544921875 19.65191650390625
3 573.2235717773438 530.5286254882812 18.5244140625 24.265380859375
0 757.9056396484375 716.1597900390625 41.7376708984375 29.06011962890625
0 548.5841064453125 729.9901123046875 20.6439208984375 19.35565185546875
