0 721.3338623046875 601.21484375 103.78729248046875 68.8154296875
3 341.105224609375 362.34100341796875 18.79766845703125 67.41513061523438
2 82.4565200805664 628.2230224609375 37.87314224243164 95.69866943359375
3 412.8727111816406 364.95257568359375 16.2337646484375 66.65716552734375
2 521.1478271484375 634.20361328125 43.35467529296875 130.5745849609375
0 396.22845458984375 609.2742309570312 63.714263916015625 85.1015625
0 494.2085876464844 587.2022705078125 25.0146484375 34.25665283203125
1 598.7620849609375 691.2994384765625 42.76873779296875 147.49334716796875
0 624.8898315429688 594.1517333984375 66.6025390625 48.25555419921875
1 526.829345703125 655.9283447265625 37.0086669921875 93.6666259765625
1 853.867919921875 626.90380859375 41.87872314453125 88.2978515625
3 869.6482543945312 126.71258544921875 47.0101318359375 162.40701293945312
2 557.7791748046875 603.0663452148438 25.97772216796875 91.033203125
0 246.98056030273438 584.3488159179688 45.37089538574219 36.2841796875
0 599.7222900390625 586.7059326171875 55.14556884765625 40.9520263671875
3 533.8048095703125 521.9713745117188 9.7847900390625 27.594207763671875
1 853.7991943359375 641.00439453125 41.39886474609375 60.3873291015625
0 587.5656127929688 587.0885009765625 31.8935546875 40.6015625
