0 694.330810546875 327.18182373046875 92.71307373046875 40.435821533203125
2 807.7869262695312 324.87786865234375 14.7896728515625 34.371307373046875
0 30.916276931762695 346.1041259765625 61.7542610168457 58.080474853515625
0 23.17964744567871 388.07867431640625 46.35929489135742 143.40170288085938
0 94.70436096191406 335.9988708496094 76.00287628173828 70.93359375
0 357.880859375 347.2384033203125 65.84481811523438 77.35128784179688
0 826.028564453125 320.87384033203125 37.89959716796875 32.19970703125
0 216.3137664794922 350.8807373046875 202.08114624023438 104.33236694335938
0 770.4617309570312 324.47564697265625 32.6400146484375 28.941314697265625
0 816.7275390625 321.16839599609375 57.43853759765625 32.901763916015625
