0 892.0672607421875 729.8890380859375 263.86541748046875 365.95428466796875
0 750.4603271484375 628.3302001953125 105.75958251953125 121.6273193359375
0 424.1722717285156 773.8345947265625 314.51153564453125 444.33978271484375
3 576.510498046875 427.8034362792969 9.3861083984375 32.0625
3 655.77685546875 416.6343994140625 9.98358154296875 31.354400634765625
3 382.2193908691406 302.13616943359375 21.2076416015625 76.63876342773438
3 454.32769775390625 291.3069763183594 33.541900634765625 78.44273376464844
3 439.55328369140625 417.33990478515625 16.68359375 45.36297607421875
0 582.6082763671875 630.1656494140625 107.4161376953125 180.57110595703125
2 621.2698974609375 539.9713134765625 11.41949462890625 23.45343017578125
