0 111.69356536865234 791.6728515625 129.1062774658203 69.3990478515625
3 250.31802368164062 381.4554748535156 46.16514587402344 126.01123046875
0 684.998291015625 804.038818359375 68.09417724609375 53.61932373046875
3 27.94641876220703 453.4585876464844 37.767799377441406 82.021484375
0 422.62060546875 801.1482543945312 138.31524658203125 100.3492431640625
3 159.63497924804688 343.37255859375 59.52360534667969 133.22979736328125
3 7.856009006500244 470.4318542480469 15.712018013000488 73.44921875
0 330.54022216796875 790.0779418945312 52.508331298828125 48.857177734375
0 58.91432571411133 782.9769897460938 65.14563751220703 53.73193359375
0 251.96719360351562 786.6085205078125 48.54112243652344 39.8773193359375
0 296.6908264160156 787.7166748046875 21.17230224609375 32.48577880859375
3 796.2551879882812 653.284912109375 13.3109130859375 37.67498779296875
3 136.14801025390625 708.543212890625 8.489700317382812 25.22833251953125
0 702.57861328125 804.1048583984375 103.48309326171875 53.33575439453125
3 377.8524169921875 700.1210327148438 7.784088134765625 22.1435546875
3 484.4747619628906 695.6680297851562 8.6678466796875 20.1910400390625
3 138.95977783203125 708.097412109375 14.822372436523438 26.7861328125
