0 36.75764083862305 585.4669189453125 60.39751052856445 38.3153076171875
0 380.832763671875 603.4577026367188 224.05429077148438 267.8036804199219
3 322.59893798828125 426.18084716796875 12.57537841796875 33.277435302734375
3 903.7385864257812 376.8971252441406 34.1490478515625 40.9158935546875
0 511.9258728027344 888.7762451171875 1023.7836303710938 270.44744873046875
0 270.26800537109375 571.6205444335938 30.895599365234375 51.6728515625
3 399.10699462890625 437.38165283203125 15.21173095703125 26.51348876953125
3 368.6221008300781 439.26239013671875 10.65625 33.088165283203125
3 363.180908203125 438.02880859375 19.88720703125 37.767974853515625
3 422.0357666015625 438.55194091796875 11.769744873046875 25.916412353515625
3 544.6195068359375 508.30450439453125 9.22772216796875 12.259185791015625
3 367.3262939453125 437.4560546875 15.536407470703125 37.98846435546875
