2 389.46600341796875 311.054443359375 205.202880859375 530.935302734375
2 206.3548583984375 311.5477294921875 100.29608154296875 309.5770263671875
0 564.7164306640625 339.98712158203125 150.14181518554688 92.835693359375
0 615.513916015625 343.17486572265625 48.97216796875 107.6146240234375
0 476.9798889160156 339.48516845703125 101.39202880859375 73.32781982421875
1 215.08187866210938 389.87567138671875 76.15936279296875 227.0986328125
0 135.53895568847656 343.498046875 52.64031982421875 34.3004150390625
0 13.798505783081055 354.2212829589844 21.491756439208984 80.302490234375
0 250.90806579589844 344.4537353515625 24.838775634765625 27.334716796875
0 60.720436096191406 350.5847473144531 40.65869140625 49.9957275390625
