2 389.3528137207031 311.18023681640625 206.22845458984375 530.8275146484375
2 207.08216857910156 310.9808654785156 101.65866088867188 308.26080322265625
1 218.923095703125 390.00982666015625 84.023681640625 227.0650634765625
0 564.663818359375 340.0359191894531 150.17843627929688 92.70489501953125
0 615.7164916992188 340.5473937988281 48.5670166015625 109.97418212890625
0 477.33685302734375 339.39923095703125 100.740966796875 72.4193115234375
0 135.9297637939453 343.49395751953125 53.281982421875 34.3101806640625
0 13.765217781066895 354.4451904296875 21.39546775817871 79.063720703125
0 250.73611450195312 344.54730224609375 24.66351318359375 27.231201171875
0 60.19118881225586 351.24554443359375 39.976524353027344 48.7374267578125
1 439.329345703125 422.2143249511719 230.99365234375 382.31793212890625
