2 389.6655578613281 310.3406982421875 205.300048828125 530.39892578125
2 206.8991241455078 312.0061340332031 101.11605834960938 310.3519287109375
0 564.7965087890625 340.06640625 150.0426025390625 92.92333984375
0 615.4219360351562 343.02001953125 49.1561279296875 106.81103515625
0 476.9462890625 339.50189208984375 101.52685546875 73.2901611328125
0 135.92160034179688 343.4683837890625 53.35022735595703 34.4285888671875
1 214.59007263183594 389.86065673828125 74.18466186523438 227.1358642578125
0 250.94647216796875 344.4163818359375 25.34686279296875 27.5548095703125
0 13.771575927734375 354.5517578125 21.330799102783203 79.2662353515625
0 60.36126708984375 351.18011474609375 40.18107604980469 48.753173828125
