2 274.8134765625 283.42620849609375 124.16929626464844 529.1180419921875
0 543.78662109375 279.4819030761719 77.747314453125 44.47784423828125
0 332.14520263671875 285.09869384765625 42.4190673828125 29.46063232421875
1 280.6377868652344 378.81622314453125 118.44329833984375 341.923828125
2 97.64630889892578 277.2811279296875 9.088104248046875 23.86328125
0 380.5220642089844 279.4937744140625 32.99188232421875 25.2686767578125
2 490.73968505859375 268.96240234375 9.0958251953125 27.283935546875
1 277.0188293457031 417.31378173828125 88.6805419921875 406.60693359375
0 6.482222557067871 271.29046630859375 12.964445114135742 20.31298828125
0 439.4357604980469 285.324462890625 94.01129150390625 60.61265563964844
2 462.7198486328125 266.6785888671875 7.4307861328125 17.5989990234375
0 198.9442138671875 280.8072509765625 27.45904541015625 14.98223876953125
