2 274.7681579589844 282.0301513671875 124.39794921875 528.572021484375
0 543.81982421875 279.5680236816406 77.3837890625 44.1224365234375
0 332.206787109375 285.03173828125 42.546630859375 29.5205078125
1 281.001708984375 378.2829284667969 117.8402099609375 340.17828369140625
2 97.65093994140625 277.21051025390625 8.88873291015625 23.7305908203125
0 380.1944580078125 279.5194091796875 32.7376708984375 25.2142333984375
1 276.67303466796875 415.6298522949219 89.8690185546875 409.63214111328125
0 5.960810661315918 271.07000732421875 11.921621322631836 20.5570068359375
2 490.38671875 267.0269775390625 8.16943359375 23.00506591796875
0 439.4560241699219 285.2910461425781 94.08062744140625 60.17364501953125
