2 274.6562194824219 282.6500549316406 124.33758544921875 528.7503051757812
0 543.8358154296875 279.50494384765625 77.4324951171875 44.2493896484375
0 332.1835021972656 285.04443359375 42.58154296875 29.525390625
1 281.098388671875 382.1575927734375 117.78887939453125 347.980712890625
2 97.70396423339844 277.1918029785156 8.767379760742188 23.7403564453125
0 380.37744140625 279.51513671875 32.75048828125 25.132080078125
1 277.1050720214844 416.3673400878906 93.10333251953125 408.03790283203125
0 6.029675006866455 271.331298828125 12.05935001373291 19.78955078125
2 490.5552978515625 266.71368408203125 8.48046875 22.17578125
0 439.4984130859375 285.41387939453125 93.7978515625 59.96470642089844
0 198.3115692138672 280.6446533203125 28.008758544921875 14.9281005859375
2 462.65185546875 266.79766845703125 7.3477783203125 17.2808837890625
