2 347.7437744140625 317.02276611328125 128.74365234375 325.0760498046875
2 166.53103637695312 329.5966491699219 19.89154052734375 48.77911376953125
2 145.19015502929688 327.01824951171875 18.455322265625 49.5223388671875
2 122.00066375732422 328.8786315917969 22.967605590820312 49.75823974609375
0 279.3954162597656 317.1222839355469 38.5086669921875 17.0811767578125
2 480.17236328125 329.4608154296875 14.3675537109375 29.769287109375
2 633.8656005859375 328.8577880859375 12.268798828125 38.59814453125
1 338.81890869140625 397.80560302734375 198.7257080078125 193.60400390625
2 10.868181228637695 328.31719970703125 21.581066131591797 51.04644775390625
2 599.2381591796875 327.4906005859375 25.176025390625 46.44189453125
2 490.7822570800781 328.75830078125 12.40667724609375 31.1539306640625
2 537.2039184570312 323.855224609375 8.0 22.0794677734375
