2 347.6253662109375 317.21002197265625 128.4696044921875 325.63995361328125
2 166.40069580078125 329.6187744140625 19.70404052734375 48.61474609375
2 145.02439880371094 327.22918701171875 18.47723388671875 50.1343994140625
2 121.92716979980469 328.8583068847656 23.023956298828125 49.8916015625
2 633.710205078125 328.8428955078125 12.57952880859375 38.5281982421875
0 279.4837341308594 317.0499267578125 38.18212890625 17.141845703125
2 480.29156494140625 329.367431640625 13.9256591796875 29.7149658203125
1 338.7681579589844 397.741943359375 198.7589111328125 193.79541015625
2 10.917343139648438 328.275634765625 21.644371032714844 51.219482421875
2 599.5149536132812 326.58978271484375 25.4017333984375 48.396240234375
2 490.7719421386719 328.70062255859375 12.07061767578125 31.235595703125
2 403.550537109375 336.6484375 22.279296875 32.840576171875
