2 347.73419189453125 317.2637634277344 129.1309814453125 325.36175537109375
2 166.55300903320312 329.76287841796875 19.74212646484375 48.49102783203125
2 145.11959838867188 326.7977294921875 18.06146240234375 48.9490966796875
2 121.91987609863281 329.0303955078125 23.220672607421875 49.3721923828125
0 279.35162353515625 316.7289733886719 38.2886962890625 18.11883544921875
1 338.8667297363281 397.8602600097656 198.76629638671875 193.50360107421875
2 480.4350280761719 329.42724609375 14.24609375 29.7225341796875
2 633.720458984375 329.07855224609375 12.55902099609375 38.09326171875
2 10.837448120117188 328.19964599609375 21.527664184570312 51.4013671875
2 599.1226806640625 327.51031494140625 24.977783203125 46.48895263671875
2 403.32720947265625 333.81573486328125 23.014404296875 38.798095703125
