0 411.99017333984375 525.6507568359375 39.491912841796875 42.90118408203125
0 478.8861083984375 552.8721923828125 120.95852661132812 130.5172119140625
0 577.267333984375 527.9920043945312 76.46905517578125 77.59939575195312
0 511.5376892089844 888.1416015625 1023.0753784179688 271.716796875
0 127.90692138671875 524.2410278320312 56.899559020996094 20.0107421875
0 999.0891723632812 499.0814208984375 49.5902099609375 43.4366455078125
3 436.3438415527344 442.45684814453125 6.7646484375 17.886138916015625
0 336.6625061035156 527.174072265625 31.01202392578125 48.385345458984375
0 299.3122863769531 528.2271728515625 72.7840576171875 61.862335205078125
0 375.39501953125 522.4752807617188 30.98583984375 32.468719482421875
0 136.4832305908203 523.686279296875 40.167724609375 20.11090087890625
0 360.16448974609375 526.0262451171875 31.52398681640625 38.98455810546875
3 353.10888671875 445.61279296875 6.977630615234375 15.058502197265625
3 508.0707092285156 440.2967834472656 6.9683837890625 17.1298828125
2 459.4664306640625 514.0501098632812 14.101470947265625 19.314361572265625
0 387.361083984375 522.6517944335938 14.12432861328125 30.793548583984375
3 482.81964111328125 442.49102783203125 6.63818359375 17.828704833984375
