0 762.1552124023438 792.0242309570312 82.009765625 60.2447509765625
0 595.547607421875 775.9185791015625 38.62420654296875 39.08905029296875
3 7.092536926269531 607.0933837890625 14.185073852539062 28.3759765625
3 533.9322509765625 632.6658935546875 11.0830078125 30.82672119140625
3 651.75830078125 634.75634765625 9.7244873046875 30.5357666015625
0 1004.0050048828125 805.2464599609375 39.9859619140625 56.54730224609375
0 535.150390625 769.6297607421875 28.517578125 34.96820068359375
2 471.61767578125 778.8411865234375 18.371673583984375 24.44842529296875
3 812.1052856445312 681.64794921875 17.7626953125 36.81890869140625
3 625.3707275390625 635.1148681640625 14.48895263671875 22.69158935546875
