0 403.64337158203125 809.6114501953125 80.05093383789062 48.21160888671875
0 482.8046875 811.4918212890625 71.22616577148438 86.2701416015625
0 265.7608947753906 809.5193481445312 74.6220703125 50.582275390625
3 677.2044067382812 522.7901000976562 14.6402587890625 46.90625
0 58.04488754272461 825.4039916992188 116.08977508544922 138.4970703125
3 383.599365234375 634.5804443359375 13.178375244140625 42.45745849609375
3 366.21044921875 626.30908203125 12.998199462890625 44.16961669921875
3 609.1654052734375 572.8001098632812 13.2640380859375 40.9300537109375
3 302.32623291015625 704.356201171875 12.4775390625 23.41357421875
3 547.652099609375 553.1529541015625 21.99957275390625 31.7652587890625
4 631.9026489257812 814.8897705078125 14.6904296875 47.17108154296875
3 312.5514221191406 618.1134033203125 12.708984375 45.7486572265625
0 576.3741455078125 782.90625 31.43963623046875 45.31158447265625
2 582.3137817382812 790.8701171875 10.8935546875 24.11212158203125
0 615.3302001953125 780.5511474609375 19.91650390625 20.58038330078125
