2 311.6087646484375 292.9843444824219 114.78160095214844 525.2861938476562
0 405.717041015625 365.69891357421875 68.64923095703125 49.65692138671875
0 216.60647583007812 372.0724182128906 113.91961669921875 70.7225341796875
2 143.28895568847656 299.7064208984375 65.4483642578125 336.547607421875
3 510.61175537109375 56.4490966796875 35.9825439453125 112.85426330566406
0 307.9803161621094 366.8099670410156 73.83294677734375 65.6756591796875
3 332.067138671875 24.21849250793457 21.165283203125 48.34305191040039
2 622.91259765625 348.8794860839844 34.1748046875 120.8050537109375
2 122.79512023925781 376.08416748046875 15.4312744140625 66.855224609375
3 513.300537109375 187.30926513671875 26.2518310546875 43.83172607421875
1 147.67620849609375 399.0606689453125 47.64788055419922 223.42596435546875
2 89.97608947753906 364.1331787109375 32.36407470703125 121.7183837890625
0 500.86907958984375 361.80853271484375 22.269775390625 36.10302734375
2 71.30095672607422 374.5635986328125 19.536346435546875 78.9952392578125
2 5.506523132324219 378.65411376953125 10.99212646484375 72.34356689453125
0 465.63580322265625 360.79815673828125 54.4295654296875 46.17608642578125
2 49.96623992919922 377.1646728515625 22.334335327148438 76.9769287109375
2 40.21935272216797 370.3714599609375 17.519468307495117 90.5147705078125
