2 311.43231201171875 289.0942687988281 114.6925048828125 517.5614624023438
0 405.7756042480469 365.7410888671875 69.47833251953125 49.9039306640625
0 216.39276123046875 372.12762451171875 113.88641357421875 70.653564453125
2 143.19187927246094 295.16583251953125 65.0491943359375 327.7449951171875
3 510.5362548828125 56.334716796875 36.3668212890625 112.62554931640625
0 308.01397705078125 366.0820007324219 73.8251953125 68.07183837890625
3 332.0006103515625 24.08544921875 20.8018798828125 48.08485412597656
2 623.2450561523438 353.23681640625 33.5098876953125 127.3328857421875
2 122.74873352050781 376.2496643066406 15.25946044921875 66.87078857421875
2 90.0238037109375 364.0150451660156 32.253692626953125 121.41119384765625
1 147.9119873046875 396.8945617675781 49.74779510498047 227.01885986328125
3 513.5032958984375 187.25668334960938 26.1336669921875 44.35980224609375
2 71.01184844970703 374.7935485839844 19.565231323242188 78.04730224609375
0 465.5030212402344 360.71063232421875 53.26715087890625 45.79132080078125
0 500.8625183105469 361.6636962890625 22.49957275390625 35.90362548828125
2 5.3508405685424805 378.78131103515625 10.686304092407227 72.4727783203125
2 49.950096130371094 377.0477600097656 21.08123779296875 76.58685302734375
2 40.27855682373047 370.46929931640625 17.818391799926758 90.8048095703125
