2 311.409912109375 292.6492004394531 114.528076171875 524.1198120117188
0 405.73980712890625 365.69439697265625 68.9539794921875 49.7232666015625
0 216.94857788085938 372.0745544433594 113.21112060546875 70.78350830078125
2 143.284912109375 303.749755859375 64.86144256591797 343.8348388671875
3 510.46624755859375 56.309715270996094 36.386962890625 112.5794677734375
2 622.6377563476562 348.60009765625 34.7244873046875 119.5211181640625
3 513.3385620117188 187.33981323242188 26.0660400390625 44.326019287109375
0 308.11358642578125 366.9613037109375 74.3526611328125 65.027587890625
3 332.222412109375 23.963211059570312 20.88348388671875 47.926422119140625
2 122.62998962402344 376.0550537109375 15.56341552734375 66.982177734375
1 147.36697387695312 399.7860107421875 44.068023681640625 223.5167236328125
2 89.96932983398438 364.0826416015625 32.851043701171875 121.5142822265625
0 466.77374267578125 360.65887451171875 56.18115234375 46.3179931640625
2 70.95167541503906 374.74713134765625 19.306793212890625 78.427978515625
0 501.42620849609375 361.173095703125 21.3773193359375 36.1912841796875
2 5.376214504241943 378.32879638671875 10.73568058013916 71.55487060546875
2 49.562255859375 376.6834716796875 21.480743408203125 76.61273193359375
2 40.07025909423828 370.33154296875 17.683746337890625 90.1751708984375
0 607.5900268554688 360.4478759765625 64.7591552734375 84.6182861328125
