2 339.34893798828125 297.80615234375 174.8944091796875 391.498291015625
1 342.1295471191406 396.2223205566406 166.535400390625 333.01580810546875
0 572.15234375 204.95330810546875 115.6741943359375 49.19891357421875
0 462.8785400390625 210.2450408935547 93.2392578125 38.729156494140625
0 629.7215576171875 206.26840209960938 20.55682373046875 52.51885986328125
2 404.1624755859375 70.08930969238281 22.6968994140625 37.11297607421875
0 403.97796630859375 210.65289306640625 36.1351318359375 37.3594970703125
0 63.230106353759766 230.53273010253906 83.04857635498047 48.162872314453125
0 17.688549041748047 229.4449462890625 35.377098083496094 44.986083984375
0 211.3953857421875 214.90411376953125 49.015655517578125 25.354583740234375
