2 338.75006103515625 297.5909729003906 174.03895568847656 390.90008544921875
1 342.5348815917969 395.9385070800781 166.86505126953125 333.74432373046875
0 572.3116455078125 204.88108825683594 116.115966796875 49.039642333984375
0 463.05950927734375 210.28123474121094 92.767578125 38.587646484375
0 629.683349609375 206.12625122070312 20.63330078125 53.4967041015625
2 404.7541198730469 70.0450439453125 23.761474609375 36.38302230834961
0 403.9358825683594 210.72662353515625 36.25689697265625 37.546142578125
0 63.13935852050781 230.54052734375 83.04142761230469 48.416778564453125
0 17.855045318603516 229.64776611328125 35.71009063720703 45.15301513671875
0 211.79928588867188 214.99313354492188 48.03497314453125 25.28704833984375
