2 338.8121337890625 297.00775146484375 174.67662048339844 389.6038818359375
1 342.2396240234375 395.29595947265625 166.552490234375 335.38427734375
0 572.280517578125 204.86578369140625 116.0655517578125 49.05084228515625
0 463.0233154296875 210.3293914794922 92.83447265625 38.54205322265625
2 404.59375 70.47341918945312 23.5318603515625 37.24005126953125
0 629.6619873046875 206.52426147460938 20.676025390625 52.79681396484375
0 403.881591796875 210.65545654296875 36.5198974609375 37.52001953125
0 63.17387390136719 230.60357666015625 83.32199096679688 48.2999267578125
0 17.820079803466797 229.55419921875 35.640159606933594 45.0789794921875
0 211.73606872558594 215.00106811523438 48.11407470703125 25.4273681640625
