0 424.6859436035156 743.1686401367188 144.7208251953125 102.8095703125
0 719.6692504882812 718.8455200195312 73.2122802734375 67.4727783203125
0 179.60220336914062 836.1988525390625 359.20440673828125 375.02142333984375
0 992.3171997070312 747.686279296875 63.3656005859375 196.4979248046875
2 887.1251220703125 705.4324340820312 12.2916259765625 32.4984130859375
2 915.5406494140625 702.5826416015625 10.9027099609375 28.53082275390625
2 868.70263671875 706.1064453125 10.69512939453125 30.90252685546875
0 500.5845947265625 722.0831298828125 166.66934204101562 91.11444091796875
3 454.24688720703125 620.156005859375 8.3896484375 26.68780517578125
3 627.9094848632812 609.9923095703125 10.73046875 29.685546875
