0 39.07445526123047 807.644775390625 45.09893035888672 25.53570556640625
3 65.88785552978516 558.3591918945312 20.2763671875 47.5230712890625
0 983.6412353515625 800.5447998046875 80.71759033203125 39.00115966796875
0 409.83892822265625 799.586181640625 24.29412841796875 17.02288818359375
2 668.9140625 794.9343872070312 9.76739501953125 23.8043212890625
3 518.9689331054688 721.1453247070312 6.80712890625 13.720947265625
0 439.41217041015625 796.5458984375 18.03106689453125 19.6898193359375
0 545.1087036132812 801.8754272460938 35.1982421875 37.056640625
3 80.32633972167969 732.46142578125 14.060035705566406 11.50384521484375
3 73.281982421875 731.6609497070312 8.017044067382812 12.8779296875
0 566.6492309570312 796.3455810546875 19.176513671875 19.58087158203125
3 533.7102661132812 720.9368286132812 9.71484375 12.348876953125
3 553.1542358398438 720.1351318359375 13.34765625 14.51483154296875
