0 583.6293334960938 803.3970336914062 280.4466857910156 326.013916015625
3 162.82357788085938 211.55654907226562 52.51643371582031 101.94429016113281
3 958.4146728515625 569.870849609375 19.4000244140625 59.22064208984375
3 877.950927734375 606.7244873046875 13.24066162109375 44.17864990234375
3 907.176025390625 590.032470703125 15.92657470703125 50.9366455078125
0 18.397253036499023 678.2510986328125 36.7163200378418 65.43780517578125
0 169.92930603027344 698.89453125 132.57821655273438 78.03302001953125
4 68.81025695800781 694.650634765625 16.58517837524414 31.8209228515625
0 768.4788208007812 769.505859375 100.789306640625 51.80926513671875
3 376.4112854003906 672.1126708984375 8.8878173828125 27.1395263671875
3 940.2030029296875 579.279541015625 17.59783935546875 56.75860595703125
3 729.7864990234375 705.62548828125 9.00262451171875 37.04510498046875
