3 766.8857421875 322.37213134765625 38.009765625 119.57781982421875
3 307.5375061035156 73.7973403930664 36.3818359375 121.87317657470703
0 116.01171875 611.5111083984375 84.72442626953125 38.71307373046875
2 594.8978881835938 602.770751953125 57.7138671875 147.26788330078125
1 595.6677856445312 643.7389526367188 55.220703125 113.48779296875
0 528.4983520507812 589.8936157226562 78.10781860351562 84.757080078125
0 724.7227783203125 554.27490234375 30.8951416015625 24.0428466796875
3 764.805419921875 419.77679443359375 33.24627685546875 58.981536865234375
0 433.1845703125 575.6246337890625 71.93829345703125 80.77655029296875
0 477.35400390625 564.4392700195312 30.404876708984375 40.8427734375
0 618.46728515625 553.2064208984375 14.56378173828125 13.51385498046875
