3 876.856689453125 482.51220703125 35.00897216796875 87.85910034179688
3 826.781005859375 530.9093017578125 30.33148193359375 71.52615356445312
3 575.3566284179688 613.1605224609375 14.73291015625 46.8206787109375
3 526.8020629882812 613.606689453125 13.410400390625 46.22247314453125
3 472.4498291015625 612.9608764648438 14.767974853515625 46.181640625
3 10.165361404418945 497.0523681640625 20.33072280883789 78.81161499023438
0 277.9967346191406 811.106201171875 43.1375732421875 33.53082275390625
2 869.815185546875 838.9880981445312 49.72576904296875 136.9730224609375
1 751.0799560546875 823.0711669921875 45.9532470703125 38.65472412109375
0 329.11029052734375 810.4454956054688 38.513458251953125 36.3662109375
2 750.4133911132812 807.910400390625 24.246826171875 54.63323974609375
1 783.3143310546875 825.7039184570312 38.72930908203125 35.194580078125
2 988.7452392578125 825.1492919921875 70.50946044921875 138.41717529296875
0 158.694580078125 821.2390747070312 133.4716796875 97.485595703125
2 440.9845275878906 803.7950439453125 8.02520751953125 20.20526123046875
2 786.3912353515625 811.0877685546875 19.50372314453125 55.59588623046875
1 885.8092041015625 879.7584228515625 39.53125 97.4554443359375
2 801.763671875 803.6446533203125 10.13397216796875 23.8486328125
0 358.4784240722656 807.7752685546875 29.46661376953125 31.17889404296875
1 878.9509887695312 876.2847900390625 44.4117431640625 97.8988037109375
