0 277.653076171875 519.6323852539062 192.20433044433594 240.7352294921875
0 31.347362518310547 483.6796875 62.694725036621094 143.59716796875
0 191.05206298828125 444.5899353027344 51.67852783203125 57.19757080078125
0 496.96875 445.77105712890625 32.8751220703125 20.1046142578125
0 546.982666015625 446.0723876953125 38.6114501953125 18.04937744140625
0 547.0748291015625 450.8282165527344 39.326171875 27.6578369140625
3 524.2288818359375 395.66033935546875 6.674072265625 21.4736328125
0 67.41407775878906 430.15106201171875 52.552276611328125 22.6383056640625
0 349.9770202636719 444.81243896484375 31.9580078125 53.5330810546875
3 534.74658203125 394.0838928222656 8.42529296875 15.9044189453125
