0 19.272560119628906 440.87774658203125 38.54512023925781 42.5748291015625
1 522.8594970703125 466.2994384765625 15.134521484375 26.338623046875
2 522.633056640625 455.41156005859375 15.397216796875 42.91851806640625
3 505.7257080078125 406.7033996582031 6.247802734375 17.36920166015625
0 336.6425476074219 468.796142578125 94.1085205078125 93.5447998046875
0 93.1116943359375 447.541015625 53.6195068359375 48.406982421875
1 433.0953369140625 461.1530456542969 19.87060546875 38.88409423828125
0 459.22564697265625 452.24041748046875 36.13525390625 43.58648681640625
3 227.2057342529297 380.80950927734375 10.392181396484375 21.9364013671875
0 600.261474609375 547.2117309570312 79.2689208984375 185.5765380859375
0 184.75521850585938 465.03350830078125 74.6024169921875 84.34588623046875
0 600.3782958984375 576.724365234375 79.243408203125 126.522216796875
2 427.2381591796875 450.40728759765625 8.2672119140625 34.2359619140625
