0 617.75390625 516.8701171875 44.4921875 153.921875
0 272.63287353515625 477.3697204589844 89.417724609375 131.04620361328125
3 267.6424255371094 390.1134033203125 4.89849853515625 14.156494140625
2 595.05078125 437.9509582519531 15.77392578125 63.06964111328125
0 437.950439453125 453.78802490234375 46.2572021484375 62.488525390625
2 605.0135498046875 437.1994323730469 15.546630859375 57.077392578125
2 140.14035034179688 438.37994384765625 6.774658203125 17.24993896484375
1 600.8319702148438 457.59014892578125 25.53271484375 29.1668701171875
2 599.62158203125 437.92340087890625 24.361328125 62.513916015625
1 600.5538330078125 451.05938720703125 24.428466796875 42.1466064453125
