0 560.7742919921875 519.154052734375 158.45147705078125 241.69195556640625
0 42.558250427246094 447.23602294921875 59.88157653808594 45.440185546875
2 526.5759887695312 440.77081298828125 11.361328125 45.306640625
0 415.79705810546875 449.25091552734375 50.4051513671875 53.8875732421875
2 449.04779052734375 436.4557189941406 9.909912109375 32.924072265625
2 523.2484130859375 440.5135498046875 17.2098388671875 46.3372802734375
0 292.8082275390625 460.638671875 58.408447265625 83.46630859375
0 504.2912902832031 423.853271484375 23.14129638671875 19.9796142578125
2 469.69873046875 440.5762939453125 6.97509765625 13.6138916015625
2 114.13090515136719 438.1835021972656 6.551055908203125 16.09112548828125
2 519.6469116210938 440.64801025390625 12.9234619140625 45.3978271484375
2 126.63224792480469 436.96966552734375 6.786834716796875 17.24884033203125
0 204.69476318359375 436.82232666015625 21.11004638671875 26.1380615234375
